SensorMessage(
  module_id    = 4
  sequence_num = 1
  row_sequence = 6
  timestamp    = 03:06:30 UTC
  gas_sensor   = 1297
  temperature  = 22.4000
  humidity     = 32.1000
  pack_voltage = 3.5000
  payload      = [96 uint16 values]
    row 0: [47414, 43290, 17938, 14892, 17495, 17868, 18153, 16545, 18348, 16923, 18402, 16275, 18166, 17216, 18395, 15954, 18550, 16065, 18238, 50255, 17708, 47508, 17833, 51101, 17719, 50234, 46568, 52118, 48591, 52371, 50402, 53496]
    row 1: [51902, 51556, 51388, 51636, 51412, 50801, 51378, 50990, 50375, 50352, 49215, 50838, 48825, 50947, 45565, 50972, 46299, 51342, 50349, 51422, 49381, 51506, 50541, 51819, 50378, 52413, 52259, 52415, 52058, 12495, 6094, 8916]
    row 2: [31401, 59706, 45122, 1599, 18245, 27714, 51268, 9025, 19270, 14146, 36934, 45377, 53062, 52546, 35654, 33086, 37959, 29877, 9798, 50355, 19781, 5314, 31301, 7111, 56134, 9415, 65322, 10442, 4795, 33228, 36548, 208]
)

SensorMessage(
  module_id    = 4
  sequence_num = 1
  row_sequence = 0
  timestamp    = 03:06:30 UTC
  gas_sensor   = 1295
  temperature  = 22.4000
  humidity     = 32.2000
  pack_voltage = 3.5000
  payload      = [96 uint16 values]
    row 0: [49686, 49081, 16904, 48747, 17747, 17244, 18213, 17315, 18245, 17425, 18361, 13938, 18217, 17564, 18525, 15705, 18661, 17105, 18057, 48784, 18217, 49960, 16998, 51195, 16447, 51824, 48691, 52823, 50789, 53341, 50886, 54143]
    row 1: [51998, 51515, 51474, 50667, 50952, 51113, 50296, 50305, 48497, 50924, 50014, 49953, 49586, 50484, 46719, 50877, 14847, 50641, 43720, 51471, 48812, 51296, 51102, 52111, 51012, 52708, 51833, 52989, 52369, 53440, 52657, 54225]
    row 2: [16061, 16612, 17023, 48471, 17124, 15439, 1607, 56120, 16199, 9540, 41800, 6212, 39238, 19012, 64584, 2874, 8776, 39212, 17733, 33211, 16199, 59584, 11332, 27589, 44868, 44998, 64064, 21708, 30403, 58318, 32711, 210]
)

SensorMessage(
  module_id    = 4
  sequence_num = 1
  row_sequence = 1
  timestamp    = 03:06:30 UTC
  gas_sensor   = 1308
  temperature  = 22.4000
  humidity     = 32.1000
  pack_voltage = 3.5000
  payload      = [96 uint16 values]
    row 0: [51998, 51515, 51474, 50667, 50952, 51113, 50296, 50305, 48497, 50924, 50014, 49953, 49586, 50484, 46719, 50877, 14847, 50641, 43720, 51471, 48812, 51296, 51102, 52111, 51012, 52708, 51833, 52989, 52369, 53440, 52657, 54225]
    row 1: [16061, 16612, 17023, 48471, 17124, 15439, 1607, 56120, 16199, 9540, 41800, 6212, 39238, 19012, 64584, 2874, 8776, 39212, 17733, 33211, 16199, 59584, 11332, 27589, 44868, 44998, 64064, 21708, 30403, 58318, 32711, 20434]
    row 2: [62924, 58312, 63175, 56004, 7106, 9670, 62660, 16323, 6852, 7875, 62138, 25286, 13113, 14532, 12996, 58822, 35381, 21960, 3000, 15304, 4794, 26826, 48325, 10954, 56259, 42188, 5321, 59086, 5323, 43728, 40142, 212]
)

SensorMessage(
  module_id    = 4
  sequence_num = 1
  row_sequence = 2
  timestamp    = 03:06:30 UTC
  gas_sensor   = 1309
  temperature  = 22.4000
  humidity     = 32.0000
  pack_voltage = 3.5000
  payload      = [96 uint16 values]
    row 0: [16061, 16612, 17023, 48471, 17124, 15439, 1607, 56120, 16199, 9540, 41800, 6212, 39238, 19012, 64584, 2874, 8776, 39212, 17733, 33211, 16199, 59584, 11332, 27589, 44868, 44998, 64064, 21708, 30403, 58318, 32711, 20434]
    row 1: [62924, 58312, 63175, 56004, 7106, 9670, 62660, 16323, 6852, 7875, 62138, 25286, 13113, 14532, 12996, 58822, 35381, 21960, 3000, 15304, 4794, 26826, 48325, 10954, 56259, 42188, 5321, 59086, 5323, 43728, 40142, 37332]
    row 2: [65348, 20151, 28997, 47663, 44358, 23616, 29511, 17216, 48711, 57152, 35911, 41793, 62791, 4159, 1096, 49721, 58440, 36921, 19526, 1077, 61512, 55742, 28228, 11971, 46148, 13257, 19004, 30156, 60862, 12749, 54724, 209]
)

SensorMessage(
  module_id    = 4
  sequence_num = 1
  row_sequence = 6
  timestamp    = 03:06:30 UTC
  gas_sensor   = 1297
  temperature  = 22.4000
  humidity     = 32.1000
  pack_voltage = 3.5000
  payload      = [96 uint16 values]
    row 0: [47988, 47967, 17944, 14965, 17568, 17874, 18034, 16690, 18235, 16814, 18349, 16059, 18059, 17229, 18287, 15987, 18552, 15623, 18243, 50372, 17829, 47928, 17839, 50952, 17664, 50290, 46428, 52149, 49127, 52366, 50391, 53491]
    row 1: [51893, 51591, 51462, 51588, 51405, 50861, 51370, 50907, 50297, 50407, 49194, 50825, 48785, 51064, 45259, 51025, 47106, 51368, 50273, 51382, 49484, 51567, 50529, 51811, 50366, 52427, 52254, 52431, 52049, 53022, 52753, 54281]
    row 2: [14552, 15503, 17144, 16058, 17676, 16854, 17645, 16855, 18018, 17105, 17980, 16799, 18047, 16661, 18130, 15807, 18199, 44389, 18041, 10692, 17809, 49845, 17573, 50920, 17893, 51150, 13661, 51958, 48821, 52258, 50372, 151]
)

SensorMessage(
  module_id    = 4
  sequence_num = 1
  row_sequence = 7
  timestamp    = 03:06:30 UTC
  gas_sensor   = 1321
  temperature  = 22.4000
  humidity     = 32.0000
  pack_voltage = 3.5000
  payload      = [96 uint16 values]
    row 0: [51893, 51591, 51462, 51588, 51405, 50861, 51370, 50907, 50297, 50407, 49194, 50825, 48785, 51064, 45259, 51025, 47106, 51368, 50273, 51382, 49484, 51567, 50529, 51811, 50366, 52427, 52254, 52431, 52049, 53022, 52753, 54281]
    row 1: [14552, 15503, 17144, 16058, 17676, 16854, 17645, 16855, 18018, 17105, 17980, 16799, 18047, 16661, 18130, 15807, 18199, 44389, 18041, 10692, 17809, 49845, 17573, 50920, 17893, 51150, 13661, 51958, 48821, 52258, 50372, 53399]
    row 2: [52401, 51860, 51384, 51137, 51414, 51093, 50618, 51325, 50875, 50741, 51191, 51007, 50604, 51250, 50914, 50996, 44921, 51551, 50668, 51369, 50835, 51715, 51307, 51975, 50818, 52382, 51603, 52524, 51613, 53075, 52763, 234]
)

SensorMessage(
  module_id    = 4
  sequence_num = 1
  row_sequence = 0
  timestamp    = 03:06:30 UTC
  gas_sensor   = 1297
  temperature  = 22.4000
  humidity     = 32.0000
  pack_voltage = 3.5000
  payload      = [96 uint16 values]
    row 0: [49664, 49287, 16919, 48704, 17600, 17258, 18072, 17443, 18318, 17179, 18100, 15346, 18094, 17440, 18496, 15469, 18571, 17120, 17934, 48742, 18094, 50200, 17012, 51103, 16249, 51774, 49223, 52790, 50953, 53337, 50874, 54113]
    row 1: [52043, 51558, 51418, 50654, 50939, 51100, 50203, 50374, 48752, 50911, 49700, 50273, 49565, 50472, 47927, 51010, 14917, 50629, 14906, 51539, 48496, 51326, 51012, 52225, 50999, 52726, 51824, 52982, 52388, 53467, 52679, 54241]
    row 2: [15749, 16797, 17353, 48429, 17138, 16059, 17989, 15458, 18336, 17412, 18385, 17643, 17889, 17505, 18404, 15168, 18341, 45273, 17761, 46501, 18310, 49329, 17517, 50392, 17587, 50850, 16429, 52469, 50141, 52822, 51158, 102]
)

SensorMessage(
  module_id    = 4
  sequence_num = 1
  row_sequence = 1
  timestamp    = 03:06:30 UTC
  gas_sensor   = 1304
  temperature  = 22.4000
  humidity     = 31.9000
  pack_voltage = 3.5000
  payload      = [96 uint16 values]
    row 0: [52043, 51558, 51418, 50654, 50939, 51100, 50203, 50374, 48752, 50911, 49700, 50273, 49565, 50472, 47927, 51010, 14917, 50629, 14906, 51539, 48496, 51326, 51012, 52225, 50999, 52726, 51824, 52982, 52388, 53467, 52679, 54241]
    row 1: [15749, 16797, 17353, 48429, 17138, 16059, 17989, 15458, 18336, 17412, 18385, 17643, 17889, 17505, 18404, 15168, 18341, 45273, 17761, 46501, 18310, 49329, 17517, 50392, 17587, 50850, 16429, 52469, 50141, 52822, 51158, 53862]
    row 2: [52324, 51485, 51156, 50580, 49860, 50781, 49928, 50307, 50299, 49925, 46954, 51132, 12990, 50284, 50288, 50795, 15136, 51366, 47110, 51311, 48384, 51796, 50594, 51969, 50083, 52459, 51490, 52774, 52228, 53292, 52954, 177]
)

SensorMessage(
  module_id    = 4
  sequence_num = 1
  row_sequence = 2
  timestamp    = 03:06:30 UTC
  gas_sensor   = 1300
  temperature  = 22.4000
  humidity     = 32.0000
  pack_voltage = 3.5000
  payload      = [96 uint16 values]
    row 0: [15749, 16797, 17353, 48429, 17138, 16059, 17989, 15458, 18336, 17412, 18385, 17643, 17889, 17505, 18404, 15168, 18341, 45273, 17761, 46501, 18310, 49329, 17517, 50392, 17587, 50850, 16429, 52469, 50141, 52822, 51158, 53862]
    row 1: [52324, 51485, 51156, 50580, 49860, 50781, 49928, 50307, 50299, 49925, 46954, 51132, 12990, 50284, 50288, 50795, 15136, 51366, 47110, 51311, 48384, 51796, 50594, 51969, 50083, 52459, 51490, 52774, 52228, 53292, 52954, 54449]
    row 2: [17387, 47692, 17673, 45256, 18111, 16572, 18079, 16377, 18309, 16461, 18344, 16795, 18401, 16162, 18411, 15504, 18572, 14886, 18069, 13787, 18330, 48585, 17755, 50144, 17262, 51665, 14980, 52314, 48721, 52711, 50215, 225]
)

SensorMessage(
  module_id    = 4
  sequence_num = 1
  row_sequence = 3
  timestamp    = 03:06:30 UTC
  gas_sensor   = 1301
  temperature  = 22.4000
  humidity     = 31.9000
  pack_voltage = 3.5000
  payload      = [96 uint16 values]
    row 0: [52324, 51485, 51156, 50580, 49860, 50781, 49928, 50307, 50299, 49925, 46954, 51132, 12990, 50284, 50288, 50795, 15136, 51366, 47110, 51311, 48384, 51796, 50594, 51969, 50083, 52459, 51490, 52774, 52228, 53292, 52954, 54449]
    row 1: [17387, 47692, 17673, 45256, 18111, 16572, 18079, 16377, 18309, 16461, 18344, 16795, 18401, 16162, 18411, 15504, 18572, 14886, 18069, 13787, 18330, 48585, 17755, 50144, 17262, 51665, 14980, 52314, 48721, 52711, 50215, 53729]
    row 2: [51866, 51382, 51329, 50352, 48965, 50539, 51168, 49982, 49890, 50394, 50753, 50863, 49275, 50264, 49832, 50229, 15431, 50227, 49841, 51324, 48537, 50983, 50347, 51765, 50563, 52343, 51526, 52734, 52010, 53364, 52907, 115]
)

SensorMessage(
  module_id    = 4
  sequence_num = 1
  row_sequence = 4
  timestamp    = 03:06:30 UTC
  gas_sensor   = 1301
  temperature  = 22.4000
  humidity     = 32.0000
  pack_voltage = 3.5000
  payload      = [96 uint16 values]
    row 0: [17387, 47692, 17673, 45256, 18111, 16572, 18079, 16377, 18309, 16461, 18344, 16795, 18401, 16162, 18411, 15504, 18572, 14886, 18069, 13787, 18330, 48585, 17755, 50144, 17262, 51665, 14980, 52314, 48721, 52711, 50215, 53729]
    row 1: [51866, 51382, 51329, 50352, 48965, 50539, 51168, 49982, 49890, 50394, 50753, 50863, 49275, 50264, 49832, 50229, 15431, 50227, 49841, 51324, 48537, 50983, 50347, 51765, 50563, 52343, 51526, 52734, 52010, 53364, 52907, 54387]
    row 2: [47913, 47889, 17738, 15488, 17575, 17750, 17977, 16447, 18002, 16828, 18354, 16484, 17952, 17126, 18235, 16020, 18554, 15654, 18133, 50296, 17662, 47361, 17784, 51075, 17609, 50278, 48215, 52100, 49088, 52404, 50541, 254]
)

SensorMessage(
  module_id    = 4
  sequence_num = 1
  row_sequence = 5
  timestamp    = 03:06:30 UTC
  gas_sensor   = 1309
  temperature  = 22.4000
  humidity     = 31.9000
  pack_voltage = 3.5000
  payload      = [96 uint16 values]
    row 0: [51866, 51382, 51329, 50352, 48965, 50539, 51168, 49982, 49890, 50394, 50753, 50863, 49275, 50264, 49832, 50229, 15431, 50227, 49841, 51324, 48537, 50983, 50347, 51765, 50563, 52343, 51526, 52734, 52010, 53364, 52907, 54387]
    row 1: [47913, 47889, 17738, 15488, 17575, 17750, 17977, 16447, 18002, 16828, 18354, 16484, 17952, 17126, 18235, 16020, 18554, 15654, 18133, 50296, 17662, 47361, 17784, 51075, 17609, 50278, 48215, 52100, 49088, 52404, 50541, 53502]
    row 2: [51976, 51670, 51413, 51743, 51435, 50921, 51399, 51036, 50485, 50462, 49299, 50880, 49190, 51117, 44851, 51077, 47989, 51394, 50390, 51409, 49464, 51594, 50583, 51874, 50355, 52442, 52249, 52446, 52122, 53064, 52747, 25]
)

SensorMessage(
  module_id    = 4
  sequence_num = 1
  row_sequence = 6
  timestamp    = 03:06:30 UTC
  gas_sensor   = 1303
  temperature  = 22.4000
  humidity     = 32.0000
  pack_voltage = 3.5000
  payload      = [96 uint16 values]
    row 0: [47913, 47889, 17738, 15488, 17575, 17750, 17977, 16447, 18002, 16828, 18354, 16484, 17952, 17126, 18235, 16020, 18554, 15654, 18133, 50296, 17662, 47361, 17784, 51075, 17609, 50278, 48215, 52100, 49088, 52404, 50541, 53502]
    row 1: [51976, 51670, 51413, 51743, 51435, 50921, 51399, 51036, 50485, 50462, 49299, 50880, 49190, 51117, 44851, 51077, 47989, 51394, 50390, 51409, 49464, 51594, 50583, 51874, 50355, 52442, 52249, 52446, 52122, 53064, 52747, 54297]
    row 2: [46188, 15109, 16592, 16373, 17618, 16996, 17590, 16745, 17908, 16999, 17870, 16814, 17997, 17018, 18079, 16314, 18259, 47125, 17989, 45282, 17757, 49700, 17579, 50974, 17839, 51202, 12114, 51987, 48784, 52274, 50438, 147]
)

SensorMessage(
  module_id    = 4
  sequence_num = 1
  row_sequence = 7
  timestamp    = 03:06:30 UTC
  gas_sensor   = 1298
  temperature  = 22.4000
  humidity     = 31.9000
  pack_voltage = 3.5000
  payload      = [96 uint16 values]
    row 0: [51976, 51670, 51413, 51743, 51435, 50921, 51399, 51036, 50485, 50462, 49299, 50880, 49190, 51117, 44851, 51077, 47989, 51394, 50390, 51409, 49464, 51594, 50583, 51874, 50355, 52442, 52249, 52446, 52122, 53064, 52747, 54297]
    row 1: [46188, 15109, 16592, 16373, 17618, 16996, 17590, 16745, 17908, 16999, 17870, 16814, 17997, 17018, 18079, 16314, 18259, 47125, 17989, 45282, 17757, 49700, 17579, 50974, 17839, 51202, 12114, 51987, 48784, 52274, 50438, 53395]
    row 2: [52373, 51851, 51337, 51238, 51443, 51150, 50470, 51353, 50994, 50794, 51254, 51229, 50654, 51308, 50900, 51113, 47195, 51544, 50719, 51460, 50759, 51741, 51300, 52038, 50806, 52434, 51559, 52539, 51606, 53115, 52733, 4]
)

SensorMessage(
  module_id    = 4
  sequence_num = 1
  row_sequence = 0
  timestamp    = 03:06:30 UTC
  gas_sensor   = 1296
  temperature  = 22.4000
  humidity     = 31.8000
  pack_voltage = 3.5000
  payload      = [96 uint16 values]
    row 0: [47705, 46950, 17661, 45884, 18125, 17554, 18284, 17658, 18540, 17562, 18425, 15586, 18149, 17430, 18425, 42535, 18536, 17575, 17793, 16437, 18149, 15942, 16571, 15429, 16868, 48511, 43028, 51591, 49180, 52413, 16189, 53454]
    row 1: [51791, 51317, 51191, 50220, 50457, 50786, 49629, 49976, 48237, 50706, 49308, 49679, 49468, 50281, 46831, 51036, 14162, 50864, 16527, 51709, 16373, 51491, 48801, 52298, 15798, 52763, 49281, 52944, 50642, 53309, 51092, 53790]
    row 2: [17073, 17284, 17683, 13371, 17702, 16488, 18323, 16259, 18476, 17663, 18530, 17826, 18183, 17744, 18504, 15981, 18471, 14921, 17811, 15746, 18423, 16080, 16951, 14362, 17209, 13510, 15836, 51345, 49394, 51733, 50282, 30]
)

SensorMessage(
  module_id    = 4
  sequence_num = 1
  row_sequence = 1
  timestamp    = 03:06:30 UTC
  gas_sensor   = 1301
  temperature  = 22.4000
  humidity     = 32.0000
  pack_voltage = 3.5000
  payload      = [96 uint16 values]
    row 0: [51791, 51317, 51191, 50220, 50457, 50786, 49629, 49976, 48237, 50706, 49308, 49679, 49468, 50281, 46831, 51036, 14162, 50864, 16527, 51709, 16373, 51491, 48801, 52298, 15798, 52763, 49281, 52944, 50642, 53309, 51092, 53790]
    row 1: [17073, 17284, 17683, 13371, 17702, 16488, 18323, 16259, 18476, 17663, 18530, 17826, 18183, 17744, 18504, 15981, 18471, 14921, 17811, 15746, 18423, 16080, 16951, 14362, 17209, 13510, 15836, 51345, 49394, 51733, 50282, 53278]
    row 2: [52232, 51262, 50920, 50260, 49279, 50337, 49672, 49740, 49763, 49547, 13330, 50659, 15499, 49897, 50044, 50614, 14498, 51347, 12707, 51096, 16313, 51888, 47863, 52144, 16682, 52577, 48442, 52716, 49983, 53059, 51629, 12]
)

SensorMessage(
  module_id    = 4
  sequence_num = 1
  row_sequence = 5
  timestamp    = 03:06:30 UTC
  gas_sensor   = 1297
  temperature  = 22.4000
  humidity     = 32.0000
  pack_voltage = 3.5000
  payload      = [96 uint16 values]
    row 0: [51599, 51056, 50895, 49615, 47015, 50048, 50902, 48928, 49116, 49452, 50441, 50547, 48476, 50141, 49622, 49941, 16326, 50069, 49757, 51339, 47080, 51144, 49042, 51892, 48809, 52335, 50335, 52442, 41154, 43726, 65225, 12498]
    row 1: [49982, 11836, 62791, 42048, 5189, 57671, 5447, 26948, 16456, 25668, 13640, 11842, 47431, 41795, 7239, 44352, 20552, 1344, 36935, 17605, 43844, 31677, 2116, 25542, 3654, 60347, 9027, 28104, 32835, 56008, 26945, 45517]
    row 2: [36553, 37320, 60103, 16328, 38856, 47813, 36039, 64965, 54465, 32962, 53439, 52677, 1725, 8647, 7979, 62663, 36788, 61384, 49092, 22728, 9411, 28362, 55749, 30666, 47040, 12747, 36297, 15050, 1734, 23245, 4809, 210]
)

SensorMessage(
  module_id    = 4
  sequence_num = 1
  row_sequence = 6
  timestamp    = 03:06:30 UTC
  gas_sensor   = 1303
  temperature  = 22.4000
  humidity     = 32.0000
  pack_voltage = 3.5000
  payload      = [96 uint16 values]
    row 0: [15920, 15555, 18222, 16629, 17828, 18196, 18401, 17429, 18537, 17472, 18532, 16949, 18222, 17337, 18339, 16412, 18605, 16464, 18181, 50576, 17476, 48555, 17531, 50696, 18019, 47886, 17387, 51235, 17261, 51328, 16858, 52585]
    row 1: [51633, 51342, 51089, 51434, 51263, 50583, 51130, 50572, 49661, 49876, 49024, 50640, 48589, 50950, 11041, 50975, 46324, 51343, 50415, 51391, 50008, 51748, 50542, 51929, 49271, 52151, 51505, 51853, 50746, 52486, 51546, 53778]
    row 2: [17041, 17283, 17690, 16910, 17990, 17445, 18066, 17562, 18244, 17430, 18203, 17029, 18153, 16993, 18236, 16258, 18360, 46478, 18036, 45797, 17632, 50209, 17257, 50867, 18184, 50292, 16542, 50428, 17210, 50691, 16036, 128]
)

SensorMessage(
  module_id    = 4
  sequence_num = 1
  row_sequence = 1
  timestamp    = 03:06:30 UTC
  gas_sensor   = 1300
  temperature  = 22.4000
  humidity     = 32.1000
  pack_voltage = 3.5000
  payload      = [96 uint16 values]
    row 0: [51943, 51428, 51473, 50607, 50704, 50968, 50103, 50170, 47795, 50640, 49295, 49853, 49181, 50220, 46819, 50823, 14748, 50587, 47329, 51707, 49829, 51491, 51374, 52317, 51224, 52756, 51825, 52911, 52290, 53378, 52538, 54198]
    row 1: [15886, 16880, 17410, 48548, 17447, 15936, 18216, 14778, 18521, 17513, 18480, 17742, 18152, 17786, 18517, 15952, 18513, 13408, 17965, 47466, 18086, 49764, 17022, 50907, 17143, 51159, 15419, 52511, 49436, 52816, 50841, 53870]
    row 2: [52299, 51410, 51227, 50534, 49593, 50581, 49955, 49915, 49885, 49572, 47160, 50735, 16237, 49649, 49881, 50484, 15669, 51241, 43780, 51168, 48189, 51809, 50814, 51983, 50362, 52549, 51654, 52733, 52144, 53234, 52839, 105]
)

SensorMessage(
  module_id    = 4
  sequence_num = 1
  row_sequence = 2
  timestamp    = 03:06:30 UTC
  gas_sensor   = 1303
  temperature  = 22.4000
  humidity     = 32.1000
  pack_voltage = 3.5000
  payload      = [96 uint16 values]
    row 0: [15886, 16880, 17410, 48548, 17447, 15936, 18216, 14778, 18521, 17513, 18480, 17742, 18152, 17786, 18517, 15952, 18513, 13408, 17965, 47466, 18086, 49764, 17022, 50907, 17143, 51159, 15419, 52511, 49436, 52816, 50841, 53870]
    row 1: [52299, 51410, 51227, 50534, 49593, 50581, 49955, 49915, 49885, 49572, 47160, 50735, 16237, 49649, 49881, 50484, 15669, 51241, 43780, 51168, 48189, 51809, 50814, 51983, 50362, 52549, 51654, 52733, 52144, 53234, 52839, 54377]
    row 2: [17669, 10742, 17699, 46126, 18335, 16791, 18294, 16731, 18440, 17043, 18546, 16998, 18539, 16712, 18488, 15925, 18719, 16254, 18263, 15397, 18476, 48134, 17529, 50374, 17307, 51738, 45249, 52332, 48293, 52636, 49528, 148]
)

SensorMessage(
  module_id    = 4
  sequence_num = 1
  row_sequence = 3
  timestamp    = 03:06:30 UTC
  gas_sensor   = 1301
  temperature  = 22.4000
  humidity     = 32.1000
  pack_voltage = 3.5000
  payload      = [96 uint16 values]
    row 0: [52299, 51410, 51227, 50534, 49593, 50581, 49955, 49915, 49885, 49572, 47160, 50735, 16237, 49649, 49881, 50484, 15669, 51241, 43780, 51168, 48189, 51809, 50814, 51983, 50362, 52549, 51654, 52733, 52144, 53234, 52839, 54377]
    row 1: [17669, 10742, 17699, 46126, 18335, 16791, 18294, 16731, 18440, 17043, 18546, 16998, 18539, 16712, 18488, 15925, 18719, 16254, 18263, 15397, 18476, 48134, 17529, 50374, 17307, 51738, 45249, 52332, 48293, 52636, 49528, 53652]
    row 2: [51728, 51311, 51290, 50390, 47658, 50348, 50950, 49485, 49251, 49603, 50553, 50688, 48449, 49773, 49466, 49698, 16316, 49702, 49217, 51201, 6469, 50742, 50219, 51814, 50849, 52427, 51639, 52785, 51885, 53302, 52849, 40]
)

SensorMessage(
  module_id    = 4
  sequence_num = 1
  row_sequence = 4
  timestamp    = 03:06:30 UTC
  gas_sensor   = 1307
  temperature  = 22.4000
  humidity     = 32.1000
  pack_voltage = 3.5000
  payload      = [96 uint16 values]
    row 0: [17669, 10742, 17699, 46126, 18335, 16791, 18294, 16731, 18440, 17043, 18546, 16998, 18539, 16712, 18488, 15925, 18719, 16254, 18263, 15397, 18476, 48134, 17529, 50374, 17307, 51738, 45249, 52332, 48293, 52636, 49528, 53652]
    row 1: [51728, 51311, 51290, 50390, 47658, 50348, 50950, 49485, 49251, 49603, 50553, 50688, 48449, 49773, 49466, 49698, 16316, 49702, 49217, 51201, 6469, 50742, 50219, 51814, 50849, 52427, 51639, 52785, 51885, 53302, 52849, 54312]
    row 2: [14328, 46626, 17763, 15673, 17599, 17912, 18245, 16914, 18462, 17267, 18488, 16687, 18138, 17535, 18423, 16190, 18670, 16573, 18380, 50047, 17969, 45689, 17985, 50940, 17570, 50422, 4031, 20940, 45505, 18636, 55493, 208]
)

SensorMessage(
  module_id    = 4
  sequence_num = 1
  row_sequence = 5
  timestamp    = 03:06:30 UTC
  gas_sensor   = 1303
  temperature  = 22.4000
  humidity     = 32.2000
  pack_voltage = 3.5000
  payload      = [96 uint16 values]
    row 0: [51728, 51311, 51290, 50390, 47658, 50348, 50950, 49485, 49251, 49603, 50553, 50688, 48449, 49773, 49466, 49698, 16316, 49702, 49217, 51201, 6469, 50742, 50219, 51814, 50849, 52427, 51639, 52785, 51885, 53302, 52849, 54312]
    row 1: [14328, 46626, 17763, 15673, 17599, 17912, 18245, 16914, 18462, 17267, 18488, 16687, 18138, 17535, 18423, 16190, 18670, 16573, 18380, 50047, 17969, 45689, 17985, 50940, 17570, 50422, 4031, 20940, 45505, 18636, 55493, 32976]
    row 2: [26058, 44489, 56776, 60617, 11720, 14022, 7368, 59590, 58563, 21955, 37054, 37061, 33726, 1734, 39989, 2246, 10923, 6856, 31172, 46792, 3775, 53961, 8132, 48330, 42436, 15564, 8908, 59597, 19915, 60879, 63949, 211]
)

SensorMessage(
  module_id    = 4
  sequence_num = 1
  row_sequence = 6
  timestamp    = 03:06:30 UTC
  gas_sensor   = 1303
  temperature  = 22.4000
  humidity     = 32.2000
  pack_voltage = 3.5000
  payload      = [96 uint16 values]
    row 0: [14328, 46626, 17763, 15673, 17599, 17912, 18245, 16914, 18462, 17267, 18488, 16687, 18138, 17535, 18423, 16190, 18670, 16573, 18380, 50047, 17969, 45689, 17985, 50940, 17570, 50422, 4031, 20940, 45505, 18636, 55493, 32976]
    row 1: [26058, 44489, 56776, 60617, 11720, 14022, 7368, 59590, 58563, 21955, 37054, 37061, 33726, 1734, 39989, 2246, 10923, 6856, 31172, 46792, 3775, 53961, 8132, 48330, 42436, 15564, 8908, 59597, 19915, 60879, 63949, 9683]
    row 2: [25658, 9021, 30530, 10558, 12613, 18242, 13125, 46402, 9798, 51011, 29766, 1602, 13383, 8515, 42567, 53824, 62279, 14895, 41543, 50235, 38982, 43455, 22597, 29894, 32326, 39111, 22708, 45259, 22976, 32460, 32453, 208]
)

SensorMessage(
  module_id    = 4
  sequence_num = 1
  row_sequence = 0
  timestamp    = 03:06:30 UTC
  gas_sensor   = 13061
  temperature  = 0.0000
  humidity     = 0.0000
  pack_voltage = 15607314190009960391227409864589312.0000
  payload      = [96 uint16 values]
    row 0: [1472, 16062, 21316, 33978, 53829, 36420, 6727, 22852, 56904, 11844, 22600, 36928, 7751, 27716, 46664, 30267, 31816, 29762, 48453, 18878, 47429, 50628, 16448, 48584, 1856, 31690, 46264, 53453, 54724, 6351, 5317, 30163]
    row 1: [30410, 7624, 64968, 6852, 45509, 30662, 46018, 1730, 46265, 34757, 42176, 14018, 40126, 37315, 7221, 1478, 12859, 52933, 7349, 5577, 48577, 31176, 1992, 57548, 56007, 24269, 48074, 8142, 29900, 10192, 20685, 63443]
    row 2: [52543, 27202, 23876, 17080, 62788, 46911, 53063, 23357, 34120, 20804, 27976, 47941, 55622, 45636, 1608, 14144, 44872, 17467, 41286, 57132, 54343, 7872, 24900, 43973, 31811, 54727, 62524, 39372, 14275, 15822, 454, 210]
)

SensorMessage(
  module_id    = 4
  sequence_num = 1
  row_sequence = 4
  timestamp    = 03:06:30 UTC
  gas_sensor   = 1298
  temperature  = 22.4000
  humidity     = 32.4000
  pack_voltage = 3.5000
  payload      = [96 uint16 values]
    row 0: [17688, 44864, 17864, 15027, 18275, 16991, 18495, 16807, 18443, 16982, 18549, 17321, 18570, 16788, 18550, 16370, 18747, 16526, 18335, 15857, 18509, 46211, 17984, 49738, 17512, 51643, 14502, 52294, 48010, 52591, 49553, 53591]
    row 1: [51719, 51209, 51019, 50224, 47791, 50257, 50777, 48942, 49101, 49563, 50397, 50519, 47819, 49594, 48729, 49390, 16551, 49645, 48985, 51013, 12886, 50633, 49834, 51559, 50564, 52339, 51503, 52680, 51826, 53287, 52797, 54288]
    row 2: [15379, 12054, 17925, 16150, 17495, 17931, 18320, 16990, 18466, 17083, 18493, 17014, 18157, 17507, 18462, 16502, 18645, 16423, 18393, 49890, 17935, 13323, 18008, 50776, 17839, 49980, 47593, 52022, 48982, 52362, 50187, 177]
)

SensorMessage(
  module_id    = 4
  sequence_num = 1
  row_sequence = 0
  timestamp    = 03:06:30 UTC
  gas_sensor   = 1275
  temperature  = 22.5000
  humidity     = 32.0000
  pack_voltage = 3.5000
  payload      = [96 uint16 values]
    row 0: [48184, 46378, 17477, 45791, 17868, 17498, 18350, 17710, 18565, 17681, 18431, 16455, 18376, 17833, 18587, 16249, 18592, 17247, 18184, 46366, 18119, 49356, 17108, 50684, 16798, 51355, 45248, 52461, 50263, 52946, 50256, 53789]
    row 1: [51569, 51220, 50988, 49906, 50194, 50438, 49062, 49427, 14575, 49920, 46911, 48505, 45785, 49313, 16046, 50223, 16358, 50091, 15860, 51223, 45083, 50870, 50841, 51876, 50654, 52513, 51582, 52714, 52027, 53209, 52353, 53840]
    row 2: [17163, 17360, 17616, 11480, 17578, 16722, 18333, 16652, 18539, 17803, 18497, 17846, 18234, 17992, 18596, 16931, 18621, 16195, 18196, 15692, 18498, 46202, 17667, 50008, 17587, 50464, 16403, 52247, 49025, 52583, 50616, 67]
)

SensorMessage(
  module_id    = 4
  sequence_num = 1
  row_sequence = 5
  timestamp    = 03:06:30 UTC
  gas_sensor   = 1262
  temperature  = 22.5000
  humidity     = 32.0000
  pack_voltage = 3.5000
  payload      = [96 uint16 values]
    row 0: [51335, 50663, 50648, 49377, 12504, 49437, 50352, 48419, 48226, 49088, 49850, 49936, 13968, 48604, 47260, 48686, 16944, 48684, 48188, 50554, 15968, 50117, 48603, 51289, 49589, 51959, 51214, 52469, 51490, 53022, 52605, 54019]
    row 1: [16130, 15938, 18007, 16683, 17667, 18030, 18376, 17210, 18487, 17453, 18544, 17265, 18340, 17595, 18461, 17044, 18630, 17048, 18440, 49215, 18079, 16298, 18152, 50235, 17936, 49193, 15705, 51687, 47469, 52095, 49678, 53282]
    row 2: [51331, 51157, 50703, 51262, 50886, 50270, 50597, 50339, 49231, 49344, 44436, 50071, 13971, 50279, 16204, 50491, 15088, 50747, 49047, 50763, 44666, 50964, 49407, 51346, 49356, 52022, 51685, 52093, 51695, 52688, 52443, 141]
)

SensorMessage(
  module_id    = 4
  sequence_num = 1
  row_sequence = 0
  timestamp    = 03:06:30 UTC
  gas_sensor   = 1265
  temperature  = 22.5000
  humidity     = 32.0000
  pack_voltage = 3.5000
  payload      = [96 uint16 values]
    row 0: [48091, 48192, 17484, 12259, 17950, 17572, 18282, 17635, 18466, 17748, 18434, 16592, 18439, 17832, 18558, 15973, 18626, 17115, 18065, 47299, 18127, 49784, 17136, 50840, 16827, 51437, 13139, 52536, 49779, 53003, 50096, 53829]
    row 1: [51727, 51014, 50897, 49687, 50443, 50328, 49267, 49228, 13647, 50158, 48136, 48126, 47039, 49093, 15774, 29636, 58688, 58562, 316, 20168, 9145, 58823, 35270, 57290, 57797, 32716, 48329, 39629, 34251, 33487, 24780, 30418]
    row 2: [10050, 55619, 15428, 27958, 48964, 58944, 32071, 20032, 18760, 41029, 62792, 17221, 36679, 35141, 40776, 49218, 39496, 23360, 17223, 10300, 6216, 53415, 23365, 707, 65093, 49605, 6208, 10444, 32960, 39117, 30661, 209]
)

SensorMessage(
  module_id    = 4
  sequence_num = 1
  row_sequence = 6
  timestamp    = 03:06:30 UTC
  gas_sensor   = 1265
  temperature  = 22.5000
  humidity     = 32.0000
  pack_voltage = 3.5000
  payload      = [96 uint16 values]
    row 0: [16451, 15277, 18015, 16539, 17812, 18029, 18383, 17335, 18490, 17452, 18547, 17456, 18446, 17652, 18465, 16925, 18660, 16929, 18473, 48787, 18093, 15814, 18223, 50368, 18010, 49195, 15538, 51688, 47264, 52137, 49778, 53269]
    row 1: [51375, 51120, 50626, 51280, 51182, 50310, 50737, 50306, 49058, 49160, 13877, 49874, 12708, 50241, 15485, 50264, 15920, 50642, 49052, 50720, 44734, 50984, 49540, 51354, 49618, 51916, 51686, 52021, 51735, 52687, 52467, 53890]
    row 2: [16558, 16789, 17491, 16951, 17968, 17201, 17872, 17440, 18324, 17598, 18338, 17487, 18471, 17559, 18364, 17176, 18474, 16067, 18337, 16280, 18235, 48066, 17925, 50352, 18258, 50505, 16532, 51549, 15367, 51825, 49830, 118]
)

SensorMessage(
  module_id    = 4
  sequence_num = 1
  row_sequence = 7
  timestamp    = 03:06:30 UTC
  gas_sensor   = 1272
  temperature  = 22.5000
  humidity     = 31.9000
  pack_voltage = 3.5000
  payload      = [96 uint16 values]
    row 0: [51375, 51120, 50626, 51280, 51182, 50310, 50737, 50306, 49058, 49160, 13877, 49874, 12708, 50241, 15485, 50264, 15920, 50642, 49052, 50720, 44734, 50984, 49540, 51354, 49618, 51916, 51686, 52021, 51735, 52687, 52467, 53890]
    row 1: [16558, 16789, 17491, 16951, 17968, 17201, 17872, 17440, 18324, 17598, 18338, 17487, 18471, 17559, 18364, 17176, 18474, 16067, 18337, 16280, 18235, 48066, 17925, 50352, 18258, 50505, 16532, 51549, 15367, 51825, 49830, 53110]
    row 2: [51934, 51354, 50638, 50387, 51046, 50365, 49912, 50756, 50106, 49606, 50427, 50296, 49616, 50559, 50061, 50229, 15597, 50892, 49763, 50757, 50068, 51283, 50551, 51427, 50032, 51936, 51125, 52216, 51051, 52620, 52487, 107]
)

SensorMessage(
  module_id    = 4
  sequence_num = 1
  row_sequence = 3
  timestamp    = 03:06:30 UTC
  gas_sensor   = 1263
  temperature  = 22.5000
  humidity     = 31.9000
  pack_voltage = 3.5000
  payload      = [96 uint16 values]
    row 0: [51904, 50841, 50321, 49312, 47636, 49106, 47914, 48037, 48391, 47491, 16612, 49839, 17000, 47688, 47331, 49414, 16847, 50487, 16462, 50329, 15647, 51275, 49320, 51381, 49333, 52242, 51046, 52390, 51675, 52855, 52499, 54037]
    row 1: [18040, 15799, 18110, 16603, 18553, 17447, 18559, 17513, 18594, 17629, 18634, 17561, 18625, 17484, 18640, 17127, 18788, 17111, 18484, 16898, 18597, 15110, 18226, 48304, 17837, 51110, 16491, 51925, 15075, 52361, 48158, 53376]
    row 2: [51256, 50678, 50341, 48748, 14513, 48904, 50225, 46160, 47467, 48036, 49486, 49545, 14950, 47143, 11515, 47289, 17245, 48207, 45287, 50414, 16357, 49855, 48153, 51085, 49628, 51832, 51093, 52395, 51457, 52932, 52508, 198]
)

SensorMessage(
  module_id    = 4
  sequence_num = 1
  row_sequence = 4
  timestamp    = 03:06:30 UTC
  gas_sensor   = 1271
  temperature  = 22.5000
  humidity     = 32.0000
  pack_voltage = 3.5000
  payload      = [96 uint16 values]
    row 0: [18040, 15799, 18110, 16603, 18553, 17447, 18559, 17513, 18594, 17629, 18634, 17561, 18625, 17484, 18640, 17127, 18788, 17111, 18484, 16898, 18597, 15110, 18226, 48304, 17837, 51110, 16491, 51925, 15075, 52361, 48158, 53376]
    row 1: [51256, 50678, 50341, 48748, 14513, 48904, 50225, 46160, 47467, 48036, 49486, 49545, 14950, 47143, 11515, 47289, 17245, 48207, 45287, 50414, 16357, 49855, 48153, 51085, 49628, 51832, 51093, 52395, 51457, 52932, 52508, 53958]
    row 2: [16510, 15481, 18317, 16899, 17898, 18120, 18478, 17594, 18528, 17602, 18612, 17609, 18454, 17853, 18501, 17346, 18721, 17344, 18509, 48354, 18166, 16415, 18300, 50059, 18028, 49051, 16158, 51537, 45644, 52015, 49247, 209]
)

SensorMessage(
  module_id    = 4
  sequence_num = 1
  row_sequence = 5
  timestamp    = 03:06:30 UTC
  gas_sensor   = 1280
  temperature  = 22.5000
  humidity     = 31.9000
  pack_voltage = 3.5000
  payload      = [96 uint16 values]
    row 0: [51256, 50678, 50341, 48748, 14513, 48904, 50225, 46160, 47467, 48036, 49486, 49545, 14950, 47143, 11515, 47289, 17245, 48207, 45287, 50414, 16357, 49855, 48153, 51085, 49628, 51832, 51093, 52395, 51457, 52932, 52508, 53958]
    row 1: [16510, 15481, 18317, 16899, 17898, 18120, 18478, 17594, 18528, 17602, 18612, 17609, 18454, 17853, 18501, 17346, 18721, 17344, 18509, 48354, 18166, 16415, 18300, 50059, 18028, 49051, 16158, 51537, 45644, 52015, 49247, 53201]
    row 2: [51340, 50992, 50562, 51162, 50974, 50089, 50539, 49827, 48874, 48788, 15397, 49554, 14944, 50119, 16608, 50163, 16069, 50545, 48363, 50622, 45495, 50625, 48948, 51267, 49120, 51857, 51685, 51959, 51621, 52651, 52397, 84]
)

SensorMessage(
  module_id    = 4
  sequence_num = 1
  row_sequence = 6
  timestamp    = 03:06:30 UTC
  gas_sensor   = 1275
  temperature  = 22.5000
  humidity     = 31.9000
  pack_voltage = 3.5000
  payload      = [96 uint16 values]
    row 0: [16510, 15481, 18317, 16899, 17898, 18120, 18478, 17594, 18528, 17602, 18612, 17609, 18454, 17853, 18501, 17346, 18721, 17344, 18509, 48354, 18166, 16415, 18300, 50059, 18028, 49051, 16158, 51537, 45644, 52015, 49247, 53201]
    row 1: [51340, 50992, 50562, 51162, 50974, 50089, 50539, 49827, 48874, 48788, 15397, 49554, 14944, 50119, 16608, 50163, 16069, 50545, 48363, 50622, 45495, 50625, 48948, 51267, 49120, 51857, 51685, 51959, 51621, 52651, 52397, 53844]
    row 2: [17070, 17011, 17584, 17422, 18052, 17526, 18073, 17595, 18399, 17687, 18449, 17695, 18506, 17756, 18461, 17500, 18509, 16213, 18476, 16871, 18418, 46403, 18116, 49909, 18441, 50253, 16706, 51369, 15741, 51710, 49311, 60]
)

SensorMessage(
  module_id    = 4
  sequence_num = 1
  row_sequence = 7
  timestamp    = 03:06:30 UTC
  gas_sensor   = 1276
  temperature  = 22.5000
  humidity     = 31.9000
  pack_voltage = 3.5000
  payload      = [96 uint16 values]
    row 0: [51340, 50992, 50562, 51162, 50974, 50089, 50539, 49827, 48874, 48788, 15397, 49554, 14944, 50119, 16608, 50163, 16069, 50545, 48363, 50622, 45495, 50625, 48948, 51267, 49120, 51857, 51685, 51959, 51621, 52651, 52397, 53844]
    row 1: [17070, 17011, 17584, 17422, 18052, 17526, 18073, 17595, 18399, 17687, 18449, 17695, 18506, 17756, 18461, 17500, 18509, 16213, 18476, 16871, 18418, 46403, 18116, 49909, 18441, 50253, 16706, 51369, 15741, 51710, 49311, 53052]
    row 2: [51850, 51331, 50652, 50275, 50986, 50329, 49411, 50585, 49878, 49417, 50181, 50200, 49518, 50342, 49708, 50197, 16209, 50857, 49166, 50598, 49846, 51199, 50365, 51407, 49544, 51914, 50921, 52116, 50990, 52628, 52395, 79]
)

SensorMessage(
  module_id    = 4
  sequence_num = 1
  row_sequence = 7
  timestamp    = 03:06:30 UTC
  gas_sensor   = 1267
  temperature  = 22.5000
  humidity     = 31.9000
  pack_voltage = 3.5000
  payload      = [96 uint16 values]
    row 0: [51292, 51122, 50628, 51204, 51042, 50025, 50535, 50036, 49243, 48923, 13863, 49883, 15058, 50247, 16529, 50207, 15907, 50523, 48570, 50663, 46523, 50797, 49288, 51325, 49629, 51959, 51692, 52028, 51701, 52692, 52425, 53880]
    row 1: [16559, 16943, 17561, 17096, 17906, 17433, 9030, 23364, 49223, 55876, 50759, 10052, 1864, 62277, 36679, 24899, 61256, 2108, 16712, 29248, 61511, 45497, 12870, 7876, 51528, 4292, 62528, 3272, 10045, 31946, 25025, 58575]
    row 2: [18890, 53704, 36037, 57284, 49606, 30916, 36546, 51398, 20675, 17345, 16068, 26052, 37057, 39620, 31171, 51396, 4925, 61895, 19905, 41926, 60355, 16071, 59589, 64456, 59330, 30410, 55751, 48587, 42951, 62669, 29644, 210]
)

SensorMessage(
  module_id    = 4
  sequence_num = 1
  row_sequence = 6
  timestamp    = 03:06:30 UTC
  gas_sensor   = 1271
  temperature  = 22.5000
  humidity     = 31.9000
  pack_voltage = 3.5000
  payload      = [96 uint16 values]
    row 0: [16301, 15603, 18019, 16675, 17885, 18030, 18383, 17329, 18459, 17508, 18574, 17253, 18407, 17819, 18521, 17028, 18683, 17028, 18472, 48608, 18153, 15768, 18227, 50192, 17956, 49039, 16402, 51628, 46953, 52073, 49706, 53279]
    row 1: [51434, 51040, 50726, 51127, 51065, 50178, 50764, 50181, 49145, 48961, 14489, 49760, 14475, 50182, 16159, 50204, 16087, 50574, 48884, 50650, 10976, 50845, 49322, 51312, 49405, 51935, 51708, 51966, 51716, 52673, 52480, 53834]
    row 2: [16756, 16781, 17574, 16945, 17848, 17426, 18001, 17437, 18270, 17652, 18284, 17599, 18404, 17664, 18421, 17163, 18473, 15785, 18441, 16244, 18294, 46380, 18049, 50244, 18259, 50462, 16579, 51493, 15477, 51843, 49598, 137]
)

SensorMessage(
  module_id    = 4
  sequence_num = 1
  row_sequence = 7
  timestamp    = 03:06:30 UTC
  gas_sensor   = 1269
  temperature  = 22.5000
  humidity     = 31.9000
  pack_voltage = 3.5000
  payload      = [96 uint16 values]
    row 0: [51434, 51040, 50726, 51127, 51065, 50178, 50764, 50181, 49145, 48961, 14489, 49760, 14475, 50182, 16159, 50204, 16087, 50574, 48884, 50650, 10976, 50845, 49322, 51312, 49405, 51935, 51708, 51966, 51716, 52673, 52480, 53834]
    row 1: [16756, 16781, 17574, 16945, 17848, 17426, 18001, 17437, 18270, 17652, 18284, 17599, 18404, 17664, 18421, 17163, 18473, 15785, 18441, 16244, 18294, 46380, 18049, 50244, 18259, 50462, 16579, 51493, 15477, 51843, 49598, 53129]
    row 2: [51912, 51352, 50736, 50245, 51006, 50300, 49685, 50621, 50231, 49616, 50391, 50166, 49429, 50493, 50207, 50159, 15996, 50880, 49811, 50561, 49878, 51026, 50452, 51382, 49955, 51917, 51017, 52044, 51083, 52605, 52502, 68]
)

SensorMessage(
  module_id    = 4
  sequence_num = 1
  row_sequence = 0
  timestamp    = 03:06:30 UTC
  gas_sensor   = 1270
  temperature  = 22.5000
  humidity     = 31.9000
  pack_voltage = 3.5000
  payload      = [96 uint16 values]
    row 0: [48058, 11901, 17577, 14402, 17958, 17737, 18290, 17870, 18570, 17965, 18376, 16897, 18441, 17778, 18592, 16475, 18628, 17531, 18068, 46170, 18195, 49617, 17139, 50671, 16829, 51389, 44187, 52433, 49956, 52915, 50230, 53807]
    row 1: [51666, 51010, 50879, 50033, 50025, 50328, 48379, 49224, 13817, 50163, 46718, 48413, 11551, 49104, 16092, 50268, 16385, 49903, 16411, 51141, 47369, 50914, 50756, 51898, 50493, 52456, 51490, 52701, 52022, 53193, 52271, 53846]
    row 2: [17029, 17389, 17554, 14138, 17594, 16744, 18413, 16816, 18513, 17813, 18564, 18048, 18306, 17940, 18601, 17078, 18626, 16558, 18148, 15736, 18503, 13392, 17745, 49984, 17600, 50526, 16581, 52221, 49354, 52605, 50679, 82]
)

SensorMessage(
  module_id    = 4
  sequence_num = 1
  row_sequence = 4
  timestamp    = 03:06:30 UTC
  gas_sensor   = 1263
  temperature  = 22.5000
  humidity     = 31.9000
  pack_voltage = 3.5000
  payload      = [96 uint16 values]
    row 0: [18023, 15372, 18020, 15810, 18480, 17426, 18489, 17557, 18498, 17422, 18540, 17541, 18590, 17462, 18549, 16957, 18756, 16943, 18447, 16723, 18590, 15363, 18026, 48179, 17941, 51252, 16224, 51917, 14192, 52402, 49199, 53423]
    row 1: [51375, 50634, 50551, 49173, 14194, 49243, 50342, 48331, 47747, 48737, 49438, 49755, 14690, 48515, 47194, 48067, 17192, 48348, 46260, 50527, 15993, 49937, 48566, 51239, 49711, 51903, 51146, 52458, 51486, 53007, 52554, 54060]
    row 2: [16209, 15986, 18020, 16992, 17813, 18169, 18471, 17573, 18521, 17582, 18549, 17587, 18351, 17833, 18494, 17063, 18661, 16947, 18474, 48748, 18092, 16331, 18164, 50145, 17949, 48934, 16040, 51605, 47306, 52090, 49788, 240]
)

SensorMessage(
  module_id    = 4
  sequence_num = 1
  row_sequence = 5
  timestamp    = 03:06:30 UTC
  gas_sensor   = 1281
  temperature  = 22.5000
  humidity     = 31.9000
  pack_voltage = 3.5000
  payload      = [96 uint16 values]
    row 0: [51375, 50634, 50551, 49173, 14194, 49243, 50342, 48331, 47747, 48737, 49438, 49755, 14690, 48515, 47194, 48067, 17192, 48348, 46260, 50527, 15993, 49937, 48566, 51239, 49711, 51903, 51146, 52458, 51486, 53007, 52554, 54060]
    row 1: [16209, 15986, 18020, 16992, 17813, 18169, 18471, 17573, 18521, 17582, 18549, 17587, 18351, 17833, 18494, 17063, 18661, 16947, 18474, 48748, 18092, 16331, 18164, 50145, 17949, 48934, 16040, 51605, 47306, 52090, 49788, 53232]
    row 2: [51413, 51125, 50690, 51207, 50953, 50171, 50589, 50245, 49029, 48933, 14682, 49892, 15145, 50190, 16550, 50213, 15946, 50720, 48767, 50606, 44307, 51000, 49112, 51364, 49345, 52002, 51645, 52073, 51613, 52720, 52396, 127]
)

SensorMessage(
  module_id    = 4
  sequence_num = 1
  row_sequence = 0
  timestamp    = 03:06:30 UTC
  gas_sensor   = 1261
  temperature  = 22.5000
  humidity     = 31.9000
  pack_voltage = 3.5000
  payload      = [96 uint16 values]
    row 0: [48154, 14809, 17647, 14900, 17946, 17644, 18351, 17779, 18532, 17880, 18464, 16994, 18378, 17891, 18556, 16431, 18562, 17448, 18187, 12669, 18122, 49386, 16982, 50625, 17095, 51325, 44969, 52495, 49982, 52959, 50245, 53781]
    row 1: [51530, 50932, 50822, 49890, 49919, 50262, 48805, 49253, 15486, 50183, 45953, 48465, 46193, 49429, 16457, 50350, 16474, 49655, 16078, 51079, 45602, 50781, 50863, 51864, 50446, 52437, 51552, 52704, 51950, 53168, 52283, 53848]
    row 2: [16830, 17545, 17541, 14693, 17656, 17136, 18402, 16774, 18602, 17860, 18560, 18157, 18297, 18047, 18626, 17411, 18564, 16517, 18260, 16163, 18499, 12717, 17864, 49759, 17525, 50630, 16704, 52278, 49378, 52569, 50692, 94]
)

SensorMessage(
  module_id    = 4
  sequence_num = 1
  row_sequence = 1
  timestamp    = 03:06:30 UTC
  gas_sensor   = 1274
  temperature  = 22.5000
  humidity     = 31.9000
  pack_voltage = 3.5000
  payload      = [96 uint16 values]
    row 0: [51530, 50932, 50822, 49890, 49919, 50262, 48805, 49253, 15486, 50183, 45953, 48465, 46193, 49429, 16457, 50350, 16474, 49655, 16078, 51079, 45602, 50781, 50863, 51864, 50446, 52437, 51552, 52704, 51950, 53168, 52283, 53848]
    row 1: [16830, 17545, 17541, 14693, 17656, 17136, 18402, 16774, 18602, 17860, 18560, 18157, 18297, 18047, 18626, 17411, 18564, 16517, 18260, 16163, 18499, 12717, 17864, 49759, 17525, 50630, 16704, 52278, 49378, 52569, 50692, 53598]
    row 2: [51910, 50995, 50398, 49747, 48107, 49983, 47838, 48847, 48916, 48260, 16372, 50197, 17031, 48610, 47836, 49644, 16874, 50610, 16329, 50451, 14996, 51271, 49457, 51489, 49174, 52263, 51132, 52481, 51726, 52909, 52535, 92]
)

SensorMessage(
  module_id    = 4
  sequence_num = 1
  row_sequence = 2
  timestamp    = 03:06:30 UTC
  gas_sensor   = 1275
  temperature  = 22.5000
  humidity     = 31.9000
  pack_voltage = 3.5000
  payload      = [96 uint16 values]
    row 0: [16830, 17545, 17541, 14693, 17656, 17136, 18402, 16774, 18602, 17860, 18560, 18157, 18297, 18047, 18626, 17411, 18564, 16517, 18260, 16163, 18499, 12717, 17864, 49759, 17525, 50630, 16704, 52278, 49378, 52569, 50692, 53598]
    row 1: [51910, 50995, 50398, 49747, 48107, 49983, 47838, 48847, 48916, 48260, 16372, 50197, 17031, 48610, 47836, 49644, 16874, 50610, 16329, 50451, 14996, 51271, 49457, 51489, 49174, 52263, 51132, 52481, 51726, 52909, 52535, 54108]
    row 2: [17851, 16480, 18008, 16024, 18441, 17546, 18516, 17472, 18464, 17466, 18594, 17461, 18586, 17361, 18601, 16917, 18724, 17141, 18398, 16557, 18558, 15189, 18078, 48283, 17809, 51233, 16185, 51898, 14017, 52348, 49224, 186]
)

SensorMessage(
  module_id    = 4
  sequence_num = 1
  row_sequence = 3
  timestamp    = 03:06:30 UTC
  gas_sensor   = 1280
  temperature  = 22.5000
  humidity     = 31.9000
  pack_voltage = 3.5000
  payload      = [96 uint16 values]
    row 0: [51910, 50995, 50398, 49747, 48107, 49983, 47838, 48847, 48916, 48260, 16372, 50197, 17031, 48610, 47836, 49644, 16874, 50610, 16329, 50451, 14996, 51271, 49457, 51489, 49174, 52263, 51132, 52481, 51726, 52909, 52535, 54108]
    row 1: [17851, 16480, 18008, 16024, 18441, 17546, 18516, 17472, 18464, 17466, 18594, 17461, 18586, 17361, 18601, 16917, 18724, 17141, 18398, 16557, 18558, 15189, 18078, 48283, 17809, 51233, 16185, 51898, 14017, 52348, 49224, 53434]
    row 2: [51302, 50651, 50503, 49516, 14645, 49099, 50302, 46874, 45219, 48784, 49626, 49644, 15002, 48805, 47395, 48139, 17271, 48390, 46664, 50602, 15909, 49958, 48151, 51244, 49497, 51908, 51181, 52460, 51464, 53010, 52544, 25]
)

SensorMessage(
  module_id    = 4
  sequence_num = 1
  row_sequence = 4
  timestamp    = 03:06:30 UTC
  gas_sensor   = 1274
  temperature  = 22.5000
  humidity     = 31.9000
  pack_voltage = 3.5000
  payload      = [96 uint16 values]
    row 0: [17851, 16480, 18008, 16024, 18441, 17546, 18516, 17472, 18464, 17466, 18594, 17461, 18586, 17361, 18601, 16917, 18724, 17141, 18398, 16557, 18558, 15189, 18078, 48283, 17809, 51233, 16185, 51898, 14017, 52348, 49224, 53434]
    row 1: [51302, 50651, 50503, 49516, 14645, 49099, 50302, 46874, 45219, 48784, 49626, 49644, 15002, 48805, 47395, 48139, 17271, 48390, 46664, 50602, 15909, 49958, 48151, 51244, 49497, 51908, 51181, 52460, 51464, 53010, 52544, 54041]
    row 2: [15845, 15589, 18080, 16808, 17804, 18153, 18466, 17554, 18517, 17565, 18573, 17448, 18443, 17760, 18462, 17258, 18685, 17026, 18470, 48851, 18141, 15766, 18216, 50073, 18002, 49038, 15484, 51549, 47380, 52028, 49653, 1]
)

SensorMessage(
  module_id    = 4
  sequence_num = 1
  row_sequence = 0
  timestamp    = 03:06:30 UTC
  gas_sensor   = 1281
  temperature  = 22.5000
  humidity     = 31.9000
  pack_voltage = 3.5000
  payload      = [96 uint16 values]
    row 0: [47666, 46866, 17460, 13729, 18005, 17630, 18410, 17764, 18526, 17798, 18458, 16681, 18461, 17747, 18550, 16664, 18618, 17327, 18041, 13759, 18235, 49431, 17075, 50653, 17052, 51463, 45913, 52482, 49889, 52946, 50284, 53833]
    row 1: [51600, 50977, 50762, 49961, 50134, 50466, 49342, 49322, 14280, 50122, 47869, 48601, 47357, 49226, 15917, 50392, 16234, 49871, 16264, 51239, 47179, 50901, 50892, 51936, 50624, 52457, 51526, 52727, 52016, 53197, 52348, 53853]
    row 2: [17124, 17446, 17599, 13414, 17635, 16671, 18389, 16599, 18533, 17718, 18522, 17954, 18282, 17973, 18620, 17130, 18615, 16482, 18001, 15828, 18492, 13745, 7493, 42179, 38468, 4549, 16449, 10444, 44993, 54733, 22725, 209]
)

SensorMessage(
  module_id    = 4
  sequence_num = 1
  row_sequence = 1
  timestamp    = 03:06:30 UTC
  gas_sensor   = 1280
  temperature  = 22.5000
  humidity     = 32.0000
  pack_voltage = 3.5000
  payload      = [96 uint16 values]
    row 0: [51600, 50977, 50762, 49961, 50134, 50466, 49342, 49322, 14280, 50122, 47869, 48601, 47357, 49226, 15917, 50392, 16234, 49871, 16264, 51239, 47179, 50901, 50892, 51936, 50624, 52457, 51526, 52727, 52016, 53197, 52348, 53853]
    row 1: [17124, 17446, 17599, 13414, 17635, 16671, 18389, 16599, 18533, 17718, 18522, 17954, 18282, 17973, 18620, 17130, 18615, 16482, 18001, 15828, 18492, 13745, 7493, 42179, 38468, 4549, 16449, 10444, 44993, 54733, 22725, 43217]
    row 2: [25034, 20423, 17349, 19651, 11708, 39617, 23227, 51903, 61888, 42683, 62271, 62147, 27712, 52670, 15292, 20162, 9281, 32966, 64318, 65220, 25145, 25288, 25537, 23241, 20161, 15564, 65480, 8140, 44746, 24014, 26317, 211]
)

SensorMessage(
  module_id    = 4
  sequence_num = 1
  row_sequence = 2
  timestamp    = 03:06:30 UTC
  gas_sensor   = 1276
  temperature  = 22.5000
  humidity     = 31.9000
  pack_voltage = 3.5000
  payload      = [96 uint16 values]
    row 0: [17124, 17446, 17599, 13414, 17635, 16671, 18389, 16599, 18533, 17718, 18522, 17954, 18282, 17973, 18620, 17130, 18615, 16482, 18001, 15828, 18492, 13745, 7493, 42179, 38468, 4549, 16449, 10444, 44993, 54733, 22725, 43217]
    row 1: [25034, 20423, 17349, 19651, 11708, 39617, 23227, 51903, 61888, 42683, 62271, 62147, 27712, 52670, 15292, 20162, 9281, 32966, 64318, 65220, 25145, 25288, 25537, 23241, 20161, 15564, 65480, 8140, 44746, 24014, 26317, 18643]
    row 2: [61766, 56381, 19526, 17726, 57928, 11843, 56648, 29507, 11336, 32580, 25672, 45380, 45896, 34371, 31304, 15169, 29257, 1089, 1608, 37953, 22344, 4668, 55622, 32187, 21317, 49608, 7485, 3275, 51515, 38092, 50110, 208]
)

SensorMessage(
  module_id    = 4
  sequence_num = 1
  row_sequence = 3
  timestamp    = 03:06:30 UTC
  gas_sensor   = 1277
  temperature  = 22.5000
  humidity     = 31.9000
  pack_voltage = 3.5000
  payload      = [96 uint16 values]
    row 0: [51880, 51041, 50511, 49987, 48204, 49453, 48026, 48986, 49354, 48113, 16294, 50163, 16626, 48748, 48333, 49723, 16718, 50724, 16000, 50427, 14846, 51298, 49506, 51555, 49498, 52302, 51260, 52479, 51743, 52910, 52573, 54118]
    row 1: [17992, 15857, 18140, 15948, 18501, 17378, 18478, 17373, 18547, 17452, 18559, 17508, 18609, 17331, 18566, 16762, 18747, 16754, 18436, 16646, 18580, 15447, 17938, 48089, 17789, 51283, 15809, 51997, 15116, 52425, 48788, 53443]
    row 2: [51364, 50608, 50697, 49272, 13504, 49196, 50473, 47797, 47015, 48400, 49808, 49988, 13407, 48698, 47042, 48531, 17004, 48779, 48058, 50582, 16082, 50171, 48504, 51235, 49811, 51905, 51138, 52481, 51480, 53013, 52580, 17]
)

SensorMessage(
  module_id    = 4
  sequence_num = 1
  row_sequence = 4
  timestamp    = 03:06:30 UTC
  gas_sensor   = 1267
  temperature  = 22.5000
  humidity     = 32.0000
  pack_voltage = 3.5000
  payload      = [96 uint16 values]
    row 0: [17992, 15857, 18140, 15948, 18501, 17378, 18478, 17373, 18547, 17452, 18559, 17508, 18609, 17331, 18566, 16762, 18747, 16754, 18436, 16646, 18580, 15447, 17938, 48089, 17789, 51283, 15809, 51997, 15116, 52425, 48788, 53443]
    row 1: [51364, 50608, 50697, 49272, 13504, 49196, 50473, 47797, 47015, 48400, 49808, 49988, 13407, 48698, 47042, 48531, 17004, 48779, 48058, 50582, 16082, 50171, 48504, 51235, 49811, 51905, 51138, 52481, 51480, 53013, 52580, 54033]
    row 2: [16047, 14429, 17921, 16772, 17849, 18077, 18364, 17475, 18452, 17430, 18538, 17336, 18435, 17688, 18483, 17342, 18706, 16994, 18435, 48940, 18123, 15934, 18139, 50281, 17982, 49127, 15888, 51681, 47642, 52172, 49569, 23]
)

SensorMessage(
  module_id    = 4
  sequence_num = 1
  row_sequence = 5
  timestamp    = 03:06:30 UTC
  gas_sensor   = 1277
  temperature  = 22.5000
  humidity     = 31.8000
  pack_voltage = 3.5000
  payload      = [96 uint16 values]
    row 0: [51364, 50608, 50697, 49272, 13504, 49196, 50473, 47797, 47015, 48400, 49808, 49988, 13407, 48698, 47042, 48531, 17004, 48779, 48058, 50582, 16082, 50171, 48504, 51235, 49811, 51905, 51138, 52481, 51480, 53013, 52580, 54033]
    row 1: [16047, 14429, 17921, 16772, 17849, 18077, 18364, 17475, 18452, 17430, 18538, 17336, 18435, 17688, 18483, 17342, 18706, 16994, 18435, 48940, 18123, 15934, 18139, 50281, 17982, 49127, 15888, 51681, 47642, 52172, 49569, 53271]
    row 2: [51318, 51107, 50598, 51278, 51088, 50227, 50650, 50297, 49442, 49393, 13320, 49995, 14807, 50243, 16468, 50391, 15792, 50713, 48967, 50664, 46055, 51060, 49495, 51363, 49182, 52043, 51683, 52036, 51728, 52701, 52420, 137]
)

SensorMessage(
  module_id    = 4
  sequence_num = 1
  row_sequence = 5
  timestamp    = 03:06:30 UTC
  gas_sensor   = 1274
  temperature  = 22.5000
  humidity     = 31.9000
  pack_voltage = 3.5000
  payload      = [96 uint16 values]
    row 0: [51091, 50688, 49462, 48383, 17764, 47961, 17221, 14969, 18639, 14879, 18340, 47775, 18861, 15918, 18662, 15864, 18998, 16451, 18473, 49192, 18674, 47680, 17909, 50609, 17151, 51602, 49094, 52291, 50370, 52852, 52278, 53943]
    row 1: [16466, 17296, 18335, 18057, 18227, 19214, 18789, 19273, 18913, 19462, 19013, 19436, 18866, 19505, 19006, 19335, 19133, 19246, 18935, 18636, 18747, 18889, 18806, 17742, 18642, 17994, 17636, 50061, 16425, 51077, 47277, 52851]
    row 2: [50855, 50955, 48952, 50826, 15582, 49302, 17997, 48733, 18819, 15827, 19077, 14367, 19073, 45892, 19268, 13936, 19149, 48971, 18719, 48977, 18853, 49822, 18398, 50358, 18306, 51604, 49667, 51643, 49846, 52505, 51705, 21]
)

SensorMessage(
  module_id    = 4
  sequence_num = 1
  row_sequence = 6
  timestamp    = 03:06:30 UTC
  gas_sensor   = 1280
  temperature  = 22.5000
  humidity     = 32.0000
  pack_voltage = 3.5000
  payload      = [96 uint16 values]
    row 0: [16466, 17296, 18335, 18057, 18227, 19214, 18789, 19273, 18913, 19462, 19013, 19436, 18866, 19505, 19006, 19335, 19133, 19246, 18935, 18636, 18747, 18889, 18806, 17742, 18642, 17994, 17636, 50061, 16425, 51077, 47277, 52851]
    row 1: [50855, 50955, 48952, 50826, 15582, 49302, 17997, 48733, 18819, 15827, 19077, 14367, 19073, 45892, 19268, 13936, 19149, 48971, 18719, 48977, 18853, 49822, 18398, 50358, 18306, 51604, 49667, 51643, 49846, 52505, 51705, 53781]
    row 2: [16728, 17944, 17926, 18560, 18494, 19297, 18581, 19516, 18895, 19530, 18977, 19518, 19093, 19524, 19057, 19430, 19129, 19205, 19026, 19277, 18917, 18890, 18832, 18473, 18933, 18093, 17957, 14921, 17628, 49649, 15230, 214]
)

SensorMessage(
  module_id    = 4
  sequence_num = 1
  row_sequence = 0
  timestamp    = 03:06:30 UTC
  gas_sensor   = 1272
  temperature  = 22.5000
  humidity     = 31.9000
  pack_voltage = 3.5000
  payload      = [96 uint16 values]
    row 0: [15908, 16677, 18451, 17535, 19069, 19234, 19759, 19609, 19844, 19653, 19821, 19498, 19797, 19672, 19852, 19467, 19864, 19557, 19726, 19261, 19797, 19061, 19592, 18726, 19593, 18216, 19349, 49282, 18877, 51216, 18842, 52821]
    row 1: [51212, 50360, 49275, 15987, 17919, 18332, 19058, 18993, 19325, 18837, 19242, 19083, 19241, 19000, 19398, 18745, 19425, 18790, 19374, 18238, 19187, 18528, 18590, 17303, 18737, 48912, 18052, 50335, 16837, 51638, 47526, 52956]
    row 2: [18440, 18600, 18964, 18777, 19554, 19511, 19806, 19508, 19868, 19661, 19877, 19703, 19794, 19721, 19878, 19525, 19858, 19468, 19702, 19334, 19818, 19207, 19667, 18924, 19660, 18743, 19539, 15197, 19108, 49980, 18695, 66]
)

SensorMessage(
  module_id    = 4
  sequence_num = 1
  row_sequence = 1
  timestamp    = 03:06:30 UTC
  gas_sensor   = 1281
  temperature  = 22.5000
  humidity     = 32.0000
  pack_voltage = 3.5000
  payload      = [96 uint16 values]
    row 0: [51212, 50360, 49275, 15987, 17919, 18332, 19058, 18993, 19325, 18837, 19242, 19083, 19241, 19000, 19398, 18745, 19425, 18790, 19374, 18238, 19187, 18528, 18590, 17303, 18737, 48912, 18052, 50335, 16837, 51638, 47526, 52956]
    row 1: [18440, 18600, 18964, 18777, 19554, 19511, 19806, 19508, 19868, 19661, 19877, 19703, 19794, 19721, 19878, 19525, 19858, 19468, 19702, 19334, 19818, 19207, 19667, 18924, 19660, 18743, 19539, 15197, 19108, 49980, 18695, 52546]
    row 2: [50693, 15369, 18097, 18562, 19156, 18901, 19060, 19059, 19102, 19174, 19460, 18794, 19507, 19119, 19117, 18887, 19494, 18591, 19412, 18680, 19384, 18140, 18956, 17900, 19067, 15462, 18419, 48813, 17560, 51111, 49589, 43]
)

SensorMessage(
  module_id    = 4
  sequence_num = 1
  row_sequence = 2
  timestamp    = 03:06:30 UTC
  gas_sensor   = 1271
  temperature  = 22.5000
  humidity     = 32.0000
  pack_voltage = 3.5000
  payload      = [96 uint16 values]
    row 0: [18440, 18600, 18964, 18777, 19554, 19511, 19806, 19508, 19868, 19661, 19877, 19703, 19794, 19721, 19878, 19525, 19858, 19468, 19702, 19334, 19818, 19207, 19667, 18924, 19660, 18743, 19539, 15197, 19108, 49980, 18695, 52546]
    row 1: [50693, 15369, 18097, 18562, 19156, 18901, 19060, 19059, 19102, 19174, 19460, 18794, 19507, 19119, 19117, 18887, 19494, 18591, 19412, 18680, 19384, 18140, 18956, 17900, 19067, 15462, 18419, 48813, 17560, 51111, 49589, 53291]
    row 2: [19498, 19245, 19689, 19434, 19840, 19577, 19848, 19584, 19872, 19619, 19896, 19641, 19897, 19593, 19866, 19526, 19937, 19525, 19801, 19479, 19890, 19328, 19723, 19104, 19669, 18289, 19489, 17089, 19394, 47245, 19165, 22]
)

SensorMessage(
  module_id    = 4
  sequence_num = 1
  row_sequence = 3
  timestamp    = 03:06:30 UTC
  gas_sensor   = 1283
  temperature  = 22.5000
  humidity     = 32.0000
  pack_voltage = 3.5000
  payload      = [96 uint16 values]
    row 0: [50693, 15369, 18097, 18562, 19156, 18901, 19060, 19059, 19102, 19174, 19460, 18794, 19507, 19119, 19117, 18887, 19494, 18591, 19412, 18680, 19384, 18140, 18956, 17900, 19067, 15462, 18419, 48813, 17560, 51111, 49589, 53291]
    row 1: [19498, 19245, 19689, 19434, 19840, 19577, 19848, 19584, 19872, 19619, 19896, 19641, 19897, 19593, 19866, 19526, 19937, 19525, 19801, 19479, 19890, 19328, 19723, 19104, 19669, 18289, 19489, 17089, 19394, 47245, 19165, 52246]
    row 2: [17783, 18457, 18603, 18980, 19278, 19005, 18755, 19217, 19288, 19180, 18958, 18972, 19365, 19142, 19256, 19176, 19550, 19065, 19214, 18639, 19428, 18860, 19071, 18230, 18870, 16815, 18441, 48923, 18019, 51258, 49376, 193]
)

SensorMessage(
  module_id    = 4
  sequence_num = 1
  row_sequence = 4
  timestamp    = 03:06:30 UTC
  gas_sensor   = 1275
  temperature  = 22.5000
  humidity     = 32.1000
  pack_voltage = 3.5000
  payload      = [96 uint16 values]
    row 0: [19498, 19245, 19689, 19434, 19840, 19577, 19848, 19584, 19872, 19619, 19896, 19641, 19897, 19593, 19866, 19526, 19937, 19525, 19801, 19479, 19890, 19328, 19723, 19104, 19669, 18289, 19489, 17089, 19394, 47245, 19165, 52246]
    row 1: [17783, 18457, 18603, 18980, 19278, 19005, 18755, 19217, 19288, 19180, 18958, 18972, 19365, 19142, 19256, 19176, 19550, 19065, 19214, 18639, 19428, 18860, 19071, 18230, 18870, 16815, 18441, 48923, 18019, 51258, 49376, 53185]
    row 2: [19400, 19329, 19726, 19525, 19690, 19761, 19845, 19624, 19883, 19668, 19903, 19626, 19813, 19651, 19877, 19558, 19929, 19525, 19836, 19065, 19746, 19440, 19736, 18720, 19702, 19076, 19434, 17641, 19255, 16612, 19043, 169]
)

SensorMessage(
  module_id    = 4
  sequence_num = 1
  row_sequence = 5
  timestamp    = 03:06:30 UTC
  gas_sensor   = 1275
  temperature  = 22.5000
  humidity     = 32.0000
  pack_voltage = 3.5000
  payload      = [96 uint16 values]
    row 0: [17783, 18457, 18603, 18980, 19278, 19005, 18755, 19217, 19288, 19180, 18958, 18972, 19365, 19142, 19256, 19176, 19550, 19065, 19214, 18639, 19428, 18860, 19071, 18230, 18870, 16815, 18441, 48923, 18019, 51258, 49376, 53185]
    row 1: [19400, 19329, 19726, 19525, 19690, 19761, 19845, 19624, 19883, 19668, 19903, 19626, 19813, 19651, 19877, 19558, 19929, 19525, 19836, 19065, 19746, 19440, 19736, 18720, 19702, 19076, 19434, 17641, 19255, 16612, 19043, 51625]
    row 2: [17912, 18225, 18628, 18273, 18533, 18847, 18691, 18948, 19117, 19086, 19311, 18889, 19374, 18817, 19487, 18784, 19446, 18600, 19094, 18562, 19269, 18455, 18952, 18016, 18963, 16248, 17439, 15406, 17523, 50559, 48146, 210]
)

SensorMessage(
  module_id    = 4
  sequence_num = 1
  row_sequence = 6
  timestamp    = 03:06:30 UTC
  gas_sensor   = 1272
  temperature  = 22.5000
  humidity     = 32.1000
  pack_voltage = 3.5000
  payload      = [96 uint16 values]
    row 0: [19400, 19329, 19726, 19525, 19690, 19761, 19845, 19624, 19883, 19668, 19903, 19626, 19813, 19651, 19877, 19558, 19929, 19525, 19836, 19065, 19746, 19440, 19736, 18720, 19702, 19076, 19434, 17641, 19255, 16612, 19043, 51625]
    row 1: [17912, 18225, 18628, 18273, 18533, 18847, 18691, 18948, 19117, 19086, 19311, 18889, 19374, 18817, 19487, 18784, 19446, 18600, 19094, 18562, 19269, 18455, 18952, 18016, 18963, 16248, 17439, 15406, 17523, 50559, 48146, 52946]
    row 2: [19486, 19514, 19616, 19548, 19726, 19635, 19748, 19631, 19808, 19652, 19802, 19641, 19802, 19629, 19815, 19578, 19831, 19465, 19807, 19477, 19754, 19227, 19702, 18803, 19763, 18690, 19463, 17844, 19273, 17261, 18980, 174]
)

SensorMessage(
  module_id    = 4
  sequence_num = 1
  row_sequence = 7
  timestamp    = 03:06:30 UTC
  gas_sensor   = 1276
  temperature  = 22.5000
  humidity     = 32.1000
  pack_voltage = 3.5000
  payload      = [96 uint16 values]
    row 0: [17912, 18225, 18628, 18273, 18533, 18847, 18691, 18948, 19117, 19086, 19311, 18889, 19374, 18817, 19487, 18784, 19446, 18600, 19094, 18562, 19269, 18455, 18952, 18016, 18963, 16248, 17439, 15406, 17523, 50559, 48146, 52946]
    row 1: [19486, 19514, 19616, 19548, 19726, 19635, 19748, 19631, 19808, 19652, 19802, 19641, 19802, 19629, 19815, 19578, 19831, 19465, 19807, 19477, 19754, 19227, 19702, 18803, 19763, 18690, 19463, 17844, 19273, 17261, 18980, 51374]
    row 2: [16620, 17981, 18576, 18694, 18539, 18772, 19059, 18622, 18935, 18944, 18738, 18770, 18984, 18682, 18855, 18784, 19429, 18502, 18920, 18561, 18865, 18221, 18665, 17764, 18885, 15627, 18449, 43774, 18342, 50537, 49264, 218]
)

SensorMessage(
  module_id    = 4
  sequence_num = 1
  row_sequence = 0
  timestamp    = 03:06:30 UTC
  gas_sensor   = 1263
  temperature  = 22.5000
  humidity     = 32.1000
  pack_voltage = 3.5000
  payload      = [96 uint16 values]
    row 0: [19314, 19403, 19683, 19417, 19775, 19699, 19855, 19706, 19889, 19669, 19865, 19529, 19839, 19687, 19908, 19484, 19892, 19615, 19770, 19295, 19812, 19157, 19638, 18797, 19640, 18503, 19454, 47869, 19030, 50835, 18967, 52774]
    row 1: [17989, 18472, 18658, 18944, 18940, 18850, 19164, 19132, 19392, 18938, 19307, 19180, 19218, 19006, 19473, 18813, 19499, 18915, 19437, 18384, 19252, 18598, 18757, 17515, 18874, 47676, 18287, 49775, 17200, 51433, 14889, 52848]
    row 2: [19586, 19651, 19683, 19428, 19684, 19544, 19837, 19540, 19883, 19690, 19891, 19731, 19834, 19735, 19918, 19540, 19884, 19497, 19757, 19451, 19845, 19325, 19710, 19051, 19705, 18843, 19603, 16260, 19214, 49079, 18816, 201]
)

SensorMessage(
  module_id    = 4
  sequence_num = 1
  row_sequence = 1
  timestamp    = 03:06:30 UTC
  gas_sensor   = 1278
  temperature  = 22.5000
  humidity     = 32.1000
  pack_voltage = 3.5000
  payload      = [96 uint16 values]
    row 0: [17989, 18472, 18658, 18944, 18940, 18850, 19164, 19132, 19392, 18938, 19307, 19180, 19218, 19006, 19473, 18813, 19499, 18915, 19437, 18384, 19252, 18598, 18757, 17515, 18874, 47676, 18287, 49775, 17200, 51433, 14889, 52848]
    row 1: [19586, 19651, 19683, 19428, 19684, 19544, 19837, 19540, 19883, 19690, 19891, 19731, 19834, 19735, 19918, 19540, 19884, 19497, 19757, 19451, 19845, 19325, 19710, 19051, 19705, 18843, 19603, 16260, 19214, 49079, 18816, 52425]
    row 2: [17213, 18598, 18786, 19073, 19260, 19036, 19159, 19157, 19167, 19209, 19491, 18890, 19550, 19208, 19180, 18951, 19537, 18686, 19443, 18746, 19417, 18281, 19051, 17984, 19164, 16113, 18601, 46657, 17796, 50742, 48876, 201]
)

SensorMessage(
  module_id    = 4
  sequence_num = 1
  row_sequence = 2
  timestamp    = 03:06:30 UTC
  gas_sensor   = 1279
  temperature  = 22.5000
  humidity     = 32.2000
  pack_voltage = 3.5000
  payload      = [96 uint16 values]
    row 0: [19586, 19651, 19683, 19428, 19684, 19544, 19837, 19540, 19883, 19690, 19891, 19731, 19834, 19735, 19918, 19540, 19884, 19497, 19757, 19451, 19845, 19325, 19710, 19051, 19705, 18843, 19603, 16260, 19214, 49079, 18816, 52425]
    row 1: [17213, 18598, 18786, 19073, 19260, 19036, 19159, 19157, 19167, 19209, 19491, 18890, 19550, 19208, 19180, 18951, 19537, 18686, 19443, 18746, 19417, 18281, 19051, 17984, 19164, 16113, 18601, 46657, 17796, 50742, 48876, 53193]
    row 2: [19728, 19458, 19771, 19496, 19856, 19609, 19877, 19628, 19886, 19634, 19909, 19642, 19910, 19620, 19879, 19541, 19962, 19527, 19840, 19534, 19891, 19387, 19724, 19138, 19684, 18429, 19535, 17474, 19490, 14712, 19239, 85]
)

SensorMessage(
  module_id    = 4
  sequence_num = 1
  row_sequence = 3
  timestamp    = 03:06:30 UTC
  gas_sensor   = 1275
  temperature  = 22.5000
  humidity     = 32.1000
  pack_voltage = 3.5000
  payload      = [96 uint16 values]
    row 0: [17213, 18598, 18786, 19073, 19260, 19036, 19159, 19157, 19167, 19209, 19491, 18890, 19550, 19208, 19180, 18951, 19537, 18686, 19443, 18746, 19417, 18281, 19051, 17984, 19164, 16113, 18601, 46657, 17796, 50742, 48876, 53193]
    row 1: [19728, 19458, 19771, 19496, 19856, 19609, 19877, 19628, 19886, 19634, 19909, 19642, 19910, 19620, 19879, 19541, 19962, 19527, 19840, 19534, 19891, 19387, 19724, 19138, 19684, 18429, 19535, 17474, 19490, 14712, 19239, 52053]
    row 2: [18115, 18612, 18786, 19052, 19375, 19073, 18824, 19251, 19267, 20043, 1866, 50506, 52299, 15946, 61003, 24650, 53068, 12362, 55371, 3912, 53068, 48713, 34634, 5191, 58442, 28993, 28232, 17336, 24391, 48327, 22974, 207]
)

SensorMessage(
  module_id    = 4
  sequence_num = 1
  row_sequence = 4
  timestamp    = 03:06:30 UTC
  gas_sensor   = 1277
  temperature  = 22.5000
  humidity     = 32.1000
  pack_voltage = 3.5000
  payload      = [96 uint16 values]
    row 0: [19728, 19458, 19771, 19496, 19856, 19609, 19877, 19628, 19886, 19634, 19909, 19642, 19910, 19620, 19879, 19541, 19962, 19527, 19840, 19534, 19891, 19387, 19724, 19138, 19684, 18429, 19535, 17474, 19490, 14712, 19239, 52053]
    row 1: [18115, 18612, 18786, 19052, 19375, 19073, 18824, 19251, 19267, 20043, 1866, 50506, 52299, 15946, 61003, 24650, 53068, 12362, 55371, 3912, 53068, 48713, 34634, 5191, 58442, 28993, 28232, 17336, 24391, 48327, 22974, 2255]
    row 2: [59724, 15691, 25933, 64076, 16460, 41293, 43597, 44108, 54605, 46156, 47181, 29516, 59981, 42572, 30029, 55884, 27981, 35404, 46413, 15434, 62541, 13387, 39245, 1353, 35405, 1610, 32844, 31045, 10571, 52802, 15178, 201]
)

SensorMessage(
  module_id    = 4
  sequence_num = 1
  row_sequence = 2
  timestamp    = 03:06:30 UTC
  gas_sensor   = 1241
  temperature  = 22.5000
  humidity     = 32.4000
  pack_voltage = 3.5000
  payload      = [96 uint16 values]
    row 0: [19581, 19607, 19645, 19325, 19663, 19548, 19818, 19527, 19852, 19639, 19875, 19695, 19792, 19687, 19889, 19540, 19881, 3660, 33613, 26443, 58957, 60490, 57164, 841, 10829, 32585, 53068, 61, 51531, 28866, 25673, 43725]
    row 1: [27712, 1352, 10825, 63050, 11594, 43594, 51018, 23882, 64330, 52554, 32587, 17225, 57164, 34634, 5194, 10314, 31052, 52808, 3147, 32841, 1611, 49991, 5961, 31046, 10826, 10046, 55880, 25272, 7748, 32967, 962, 64208]
    row 2: [60236, 10059, 2381, 32076, 32845, 41292, 30285, 40524, 39501, 46412, 37965, 46924, 32589, 48460, 11341, 60236, 11341, 28748, 2381, 38476, 25165, 5451, 38477, 57418, 844, 19015, 49484, 7235, 28236, 63419, 19274, 204]
)

SensorMessage(
  module_id    = 4
  sequence_num = 1
  row_sequence = 3
  timestamp    = 03:06:30 UTC
  gas_sensor   = 1243
  temperature  = 22.5000
  humidity     = 32.4000
  pack_voltage = 3.5000
  payload      = [96 uint16 values]
    row 0: [16554, 18540, 18693, 18986, 19190, 18989, 19114, 19143, 19037, 19195, 19405, 18815, 19523, 19167, 19079, 18964, 19496, 18553, 19406, 18700, 19328, 18182, 18883, 17943, 19065, 15914, 18471, 47322, 17506, 50974, 49792, 53251]
    row 1: [19706, 19435, 19751, 19465, 19837, 19584, 19873, 19574, 19870, 19610, 19893, 19604, 19895, 19583, 19901, 19500, 19947, 19500, 19824, 19465, 19862, 19298, 19733, 19094, 19680, 18179, 19530, 17345, 19484, 47982, 19191, 52299]
    row 2: [17985, 18594, 18655, 19138, 19372, 19026, 18705, 19208, 19200, 19144, 18942, 18907, 19309, 19134, 19111, 19168, 19526, 19110, 19095, 18631, 19429, 18851, 19030, 18152, 18860, 16900, 18336, 47657, 17973, 51187, 49753, 120]
)

SensorMessage(
  module_id    = 4
  sequence_num = 1
  row_sequence = 4
  timestamp    = 03:06:30 UTC
  gas_sensor   = 1251
  temperature  = 22.5000
  humidity     = 32.4000
  pack_voltage = 3.5000
  payload      = [96 uint16 values]
    row 0: [19706, 19435, 19751, 19465, 19837, 19584, 19873, 19574, 19870, 19610, 19893, 19604, 19895, 19583, 19901, 19500, 19947, 19500, 19824, 19465, 19862, 19298, 19733, 19094, 19680, 18179, 19530, 17345, 19484, 47982, 19191, 52299]
    row 1: [17985, 18594, 18655, 19138, 19372, 19026, 18705, 19208, 19200, 19144, 18942, 18907, 19309, 19134, 19111, 19168, 19526, 19110, 19095, 18631, 19429, 18851, 19030, 18152, 18860, 16900, 18336, 47657, 17973, 51187, 49753, 53112]
    row 2: [19458, 19371, 19738, 19497, 19716, 19756, 19829, 19628, 19855, 19620, 19889, 19602, 19811, 19656, 19825, 19545, 19904, 19527, 19822, 19026, 19731, 19359, 19773, 18730, 19700, 19038, 19470, 17506, 19309, 16463, 19136, 47]
)

SensorMessage(
  module_id    = 4
  sequence_num = 1
  row_sequence = 0
  timestamp    = 03:06:30 UTC
  gas_sensor   = 1274
  temperature  = 22.5000
  humidity     = 32.5000
  pack_voltage = 3.5000
  payload      = [96 uint16 values]
    row 0: [48384, 46944, 17564, 46764, 17876, 17648, 18304, 17698, 18545, 17601, 18440, 16499, 18318, 17748, 18565, 15999, 18603, 17166, 17985, 47400, 18318, 49545, 17192, 50976, 16904, 51478, 47424, 52610, 50368, 53073, 50261, 53927]
    row 1: [51759, 51184, 51215, 50319, 50299, 50484, 49473, 49473, 47065, 50180, 48824, 49324, 48196, 49835, 15010, 50580, 15607, 50275, 15177, 51320, 48379, 51043, 50922, 52082, 50768, 52552, 51546, 52835, 52227, 53306, 52450, 53972]
    row 2: [16785, 17461, 17453, 45272, 17639, 16657, 18351, 16696, 18549, 17654, 18538, 17760, 18353, 17792, 18604, 16696, 18570, 15955, 18123, 15392, 18473, 47863, 17907, 50109, 17710, 50664, 16631, 52357, 49739, 52711, 50820, 220]
)

SensorMessage(
  module_id    = 4
  sequence_num = 1
  row_sequence = 1
  timestamp    = 03:06:30 UTC
  gas_sensor   = 1280
  temperature  = 22.6000
  humidity     = 32.5000
  pack_voltage = 3.5000
  payload      = [96 uint16 values]
    row 0: [51759, 51184, 51215, 50319, 50299, 50484, 49473, 49473, 47065, 50180, 48824, 49324, 48196, 49835, 15010, 50580, 15607, 50275, 15177, 51320, 48379, 51043, 50922, 52082, 50768, 52552, 51546, 52835, 52227, 53306, 52450, 53972]
    row 1: [16785, 17461, 17453, 45272, 17639, 16657, 18351, 16696, 18549, 17654, 18538, 17760, 18353, 17792, 18604, 16696, 18570, 15955, 18123, 15392, 18473, 47863, 17907, 50109, 17710, 50664, 16631, 52357, 49739, 52711, 50820, 53724]
    row 2: [52051, 51225, 50690, 50147, 47399, 49940, 49187, 49025, 49189, 48705, 15278, 50423, 16575, 48837, 49138, 50190, 16420, 50866, 15219, 50557, 13709, 51386, 50081, 51649, 49450, 52326, 51398, 52552, 51982, 53058, 52682, 6]
)

SensorMessage(
  module_id    = 4
  sequence_num = 1
  row_sequence = 2
  timestamp    = 03:06:30 UTC
  gas_sensor   = 1285
  temperature  = 22.6000
  humidity     = 32.5000
  pack_voltage = 3.5000
  payload      = [96 uint16 values]
    row 0: [16785, 17461, 17453, 45272, 17639, 16657, 18351, 16696, 18549, 17654, 18538, 17760, 18353, 17792, 18604, 16696, 18570, 15955, 18123, 15392, 18473, 47863, 17907, 50109, 17710, 50664, 16631, 52357, 49739, 52711, 50820, 53724]
    row 1: [52051, 51225, 50690, 50147, 47399, 49940, 49187, 49025, 49189, 48705, 15278, 50423, 16575, 48837, 49138, 50190, 16420, 50866, 15219, 50557, 13709, 51386, 50081, 51649, 49450, 52326, 51398, 52552, 51982, 53058, 52682, 54278]
    row 2: [17934, 14991, 17941, 15134, 18450, 17239, 18459, 17081, 18529, 17230, 18543, 17207, 18536, 17294, 18548, 16451, 18681, 16581, 18337, 16265, 18534, 12716, 18060, 49297, 17844, 51343, 15951, 52122, 12555, 52498, 49237, 24]
)

SensorMessage(
  module_id    = 4
  sequence_num = 1
  row_sequence = 6
  timestamp    = 03:06:30 UTC
  gas_sensor   = 1277
  temperature  = 22.6000
  humidity     = 32.6000
  pack_voltage = 3.5000
  payload      = [96 uint16 values]
    row 0: [15603, 15737, 18076, 16584, 17781, 17961, 18437, 17387, 18463, 17424, 18548, 17050, 18465, 17681, 18490, 16808, 18638, 16827, 18394, 49443, 18121, 15524, 18140, 50444, 17917, 49539, 15688, 51719, 48106, 52172, 50022, 53344]
    row 1: [51512, 51228, 50873, 51277, 51120, 50414, 51043, 50410, 49444, 49593, 46038, 50269, 13462, 50373, 15872, 50396, 14499, 50865, 49344, 51078, 47496, 51246, 49797, 51528, 49833, 52133, 51841, 52272, 51677, 52836, 52497, 54020]
    row 2: [16423, 16571, 17588, 16998, 17940, 17265, 17781, 17403, 41031, 7492, 9287, 68, 29000, 43588, 42567, 9538, 61768, 22073, 29255, 7998, 26439, 6588, 63814, 46532, 37703, 49861, 51006, 62153, 47160, 8650, 59587, 207]
)

SensorMessage(
  module_id    = 4
  sequence_num = 1
  row_sequence = 7
  timestamp    = 03:06:30 UTC
  gas_sensor   = 1286
  temperature  = 22.6000
  humidity     = 32.7000
  pack_voltage = 3.5000
  payload      = [96 uint16 values]
    row 0: [51512, 51228, 50873, 51277, 51120, 50414, 51043, 50410, 49444, 49593, 46038, 50269, 13462, 50373, 15872, 50396, 14499, 50865, 49344, 51078, 47496, 51246, 49797, 51528, 49833, 52133, 51841, 52272, 51677, 52836, 52497, 54020]
    row 1: [16423, 16571, 17588, 16998, 17940, 17265, 17781, 17403, 41031, 7492, 9287, 68, 29000, 43588, 42567, 9538, 61768, 22073, 29255, 7998, 26439, 6588, 63814, 46532, 37703, 49861, 51006, 62153, 47160, 8650, 59587, 21711]
    row 2: [5835, 50633, 18630, 12741, 50375, 35269, 24515, 41159, 41668, 23747, 32965, 19141, 6851, 56518, 31428, 40645, 16699, 32712, 11715, 18887, 46532, 8904, 710, 24266, 48323, 32971, 29384, 30924, 15048, 28622, 9677, 211]
)

SensorMessage(
  module_id    = 4
  sequence_num = 1
  row_sequence = 0
  timestamp    = 03:06:30 UTC
  gas_sensor   = 1279
  temperature  = 22.6000
  humidity     = 32.7000
  pack_voltage = 3.5000
  payload      = [96 uint16 values]
    row 0: [48905, 48150, 17625, 47329, 17779, 17373, 18359, 17595, 18470, 17570, 18367, 16161, 18173, 17585, 18526, 15536, 18565, 16958, 18031, 47841, 18173, 49815, 16733, 50975, 17002, 51607, 47656, 52622, 50406, 53180, 50489, 53952]
    row 1: [51812, 51266, 51211, 50268, 50540, 50524, 49604, 49544, 47543, 50517, 49079, 49393, 49215, 49907, 13727, 50691, 15920, 50452, 14741, 51343, 48633, 51216, 51162, 52068, 50926, 52592, 51685, 52855, 52283, 53304, 52487, 53972]
    row 2: [16560, 16607, 17508, 42695, 17544, 15598, 18266, 16468, 18510, 17621, 18531, 17793, 18216, 17699, 18597, 16735, 18591, 15151, 18105, 14492, 18465, 48763, 17695, 50212, 17557, 50813, 16198, 52390, 49965, 52776, 50861, 4]
)

SensorMessage(
  module_id    = 4
  sequence_num = 1
  row_sequence = 2
  timestamp    = 03:06:30 UTC
  gas_sensor   = 1276
  temperature  = 22.6000
  humidity     = 33.4000
  pack_voltage = 3.5000
  payload      = [96 uint16 values]
    row 0: [16560, 16607, 17508, 42695, 17544, 15598, 18266, 16468, 18510, 17621, 18531, 17793, 18216, 17699, 18597, 16735, 18591, 15151, 18105, 14492, 18465, 48763, 17695, 50212, 17557, 50813, 16198, 52390, 49965, 52776, 50861, 53764]
    row 1: [52215, 51202, 50856, 50284, 49191, 50324, 49319, 49303, 49605, 49110, 14851, 50462, 16322, 49324, 49284, 50294, 16003, 50976, 14774, 50735, 45128, 51445, 50092, 51674, 49868, 52362, 51325, 52569, 51954, 53106, 52777, 54290]
    row 2: [17912, 14622, 17921, 14762, 18441, 16745, 18483, 17136, 18462, 17153, 18506, 17132, 18529, 16615, 18512, 16333, 18730, 16358, 18434, 16323, 18498, 47167, 18042, 49292, 17638, 51354, 15847, 52182, 47167, 52533, 49464, 42]
)

SensorMessage(
  module_id    = 4
  sequence_num = 1
  row_sequence = 3
  timestamp    = 03:06:30 UTC
  gas_sensor   = 1286
  temperature  = 22.6000
  humidity     = 33.5000
  pack_voltage = 3.5000
  payload      = [96 uint16 values]
    row 0: [52215, 51202, 50856, 50284, 49191, 50324, 49319, 49303, 49605, 49110, 14851, 50462, 16322, 49324, 49284, 50294, 16003, 50976, 14774, 50735, 45128, 51445, 50092, 51674, 49868, 52362, 51325, 52569, 51954, 53106, 52777, 54290]
    row 1: [17912, 14622, 17921, 14762, 18441, 16745, 18483, 17136, 18462, 17153, 18506, 17132, 18529, 16615, 18512, 16333, 18730, 16358, 18434, 16323, 18498, 47167, 18042, 49292, 17638, 51354, 15847, 52182, 47167, 52533, 49464, 53546]
    row 2: [51606, 50938, 50887, 49653, 47360, 50030, 50730, 48396, 49103, 49410, 50223, 50227, 39862, 62656, 18623, 30913, 19776, 65472, 19645, 15814, 8246, 58821, 64704, 46792, 40899, 10955, 24520, 717, 44490, 51663, 39885, 211]
)

SensorMessage(
  module_id    = 4
  sequence_num = 1
  row_sequence = 4
  timestamp    = 03:06:30 UTC
  gas_sensor   = 1280
  temperature  = 22.6000
  humidity     = 33.5000
  pack_voltage = 3.5000
  payload      = [96 uint16 values]
    row 0: [17912, 14622, 17921, 14762, 18441, 16745, 18483, 17136, 18462, 17153, 18506, 17132, 18529, 16615, 18512, 16333, 18730, 16358, 18434, 16323, 18498, 47167, 18042, 49292, 17638, 51354, 15847, 52182, 47167, 52533, 49464, 53546]
    row 1: [51606, 50938, 50887, 49653, 47360, 50030, 50730, 48396, 49103, 49410, 50223, 50227, 39862, 62656, 18623, 30913, 19776, 65472, 19645, 15814, 8246, 58821, 64704, 46792, 40899, 10955, 24520, 717, 44490, 51663, 39885, 32723]
    row 2: [22074, 16692, 49478, 24639, 52293, 32837, 7751, 62787, 58439, 20546, 18504, 49986, 31047, 5700, 55368, 58176, 60744, 320, 11848, 17857, 48710, 1337, 40775, 60101, 35653, 39362, 26169, 27850, 6584, 29900, 36036, 208]
)

SensorMessage(
  module_id    = 4
  sequence_num = 1
  row_sequence = 6
  timestamp    = 03:06:30 UTC
  gas_sensor   = 1285
  temperature  = 22.6000
  humidity     = 33.6000
  pack_voltage = 3.5000
  payload      = [96 uint16 values]
    row 0: [14975, 13398, 17985, 16321, 17760, 17868, 18304, 17182, 18421, 17124, 18512, 16968, 18371, 17529, 18454, 16600, 18659, 16621, 18433, 49454, 17989, 14782, 18181, 50591, 17898, 49803, 14745, 51814, 47212, 52249, 50292, 53388]
    row 1: [51655, 51294, 50964, 51380, 51283, 50525, 50995, 50379, 49717, 50051, 47574, 50372, 46780, 50538, 15417, 50434, 13743, 51035, 49742, 50991, 48316, 51268, 49950, 51553, 49850, 52230, 11467, 36812, 25034, 26574, 1997, 43987]
    row 2: [64062, 22336, 4420, 322, 9030, 24899, 5701, 49732, 1350, 17732, 33351, 47683, 4423, 25156, 20039, 578, 62280, 32308, 43335, 54845, 8518, 52416, 50757, 11972, 10055, 22470, 65342, 11721, 27194, 26827, 4035, 208]
)

SensorMessage(
  module_id    = 4
  sequence_num = 1
  row_sequence = 7
  timestamp    = 03:06:30 UTC
  gas_sensor   = 1286
  temperature  = 22.6000
  humidity     = 33.6000
  pack_voltage = 3.5000
  payload      = [96 uint16 values]
    row 0: [51655, 51294, 50964, 51380, 51283, 50525, 50995, 50379, 49717, 50051, 47574, 50372, 46780, 50538, 15417, 50434, 13743, 51035, 49742, 50991, 48316, 51268, 49950, 51553, 49850, 52230, 11467, 36812, 25034, 26574, 1997, 43987]
    row 1: [64062, 22336, 4420, 322, 9030, 24899, 5701, 49732, 1350, 17732, 33351, 47683, 4423, 25156, 20039, 578, 62280, 32308, 43335, 54845, 8518, 52416, 50757, 11972, 10055, 22470, 65342, 11721, 27194, 26827, 4035, 4048]
    row 2: [22988, 28361, 1991, 13766, 60872, 38853, 196, 29639, 30149, 30660, 43206, 12997, 33220, 13254, 57541, 54981, 14137, 36808, 6340, 6343, 60869, 712, 7367, 50378, 9412, 37068, 33480, 34252, 25800, 33486, 10445, 211]
)

SensorMessage(
  module_id    = 4
  sequence_num = 1
  row_sequence = 0
  timestamp    = 03:06:30 UTC
  gas_sensor   = 1277
  temperature  = 22.6000
  humidity     = 33.7000
  pack_voltage = 3.5000
  payload      = [96 uint16 values]
    row 0: [49395, 48088, 17548, 47242, 17862, 17473, 18364, 17676, 18473, 17508, 18435, 16197, 18243, 17657, 18497, 15574, 18567, 16974, 17972, 47757, 18178, 49508, 17024, 50961, 16873, 51516, 47582, 52591, 50481, 53144, 50476, 53946]
    row 1: [51750, 51308, 51250, 50255, 50444, 50511, 43969, 16834, 46006, 35268, 56255, 11712, 20670, 16066, 26169, 18117, 32060, 59332, 34617, 48584, 51900, 13511, 34247, 18379, 27334, 2253, 22474, 7886, 17356, 7376, 47565, 49618]
    row 2: [16704, 27458, 1860, 17849, 15684, 24384, 45895, 4415, 56392, 25924, 51272, 61765, 42310, 35397, 62024, 34112, 46152, 33341, 62534, 53050, 18247, 9661, 5957, 8388, 28741, 17094, 41278, 31180, 2498, 64206, 56006, 209]
)

SensorMessage(
  module_id    = 4
  sequence_num = 1
  row_sequence = 1
  timestamp    = 03:06:30 UTC
  gas_sensor   = 1284
  temperature  = 22.6000
  humidity     = 33.5000
  pack_voltage = 3.5000
  payload      = [96 uint16 values]
    row 0: [51750, 51308, 51250, 50255, 50444, 50511, 43969, 16834, 46006, 35268, 56255, 11712, 20670, 16066, 26169, 18117, 32060, 59332, 34617, 48584, 51900, 13511, 34247, 18379, 27334, 2253, 22474, 7886, 17356, 7376, 47565, 49618]
    row 1: [16704, 27458, 1860, 17849, 15684, 24384, 45895, 4415, 56392, 25924, 51272, 61765, 42310, 35397, 62024, 34112, 46152, 33341, 62534, 53050, 18247, 9661, 5957, 8388, 28741, 17094, 41278, 31180, 2498, 64206, 56006, 35025]
    row 2: [10699, 17352, 24518, 43972, 15296, 36804, 4800, 39361, 24512, 21184, 4410, 58565, 38463, 61888, 51648, 40131, 4927, 1735, 8762, 31174, 13878, 2249, 34755, 10441, 39362, 50636, 21448, 5581, 20683, 2255, 3790, 212]
)

SensorMessage(
  module_id    = 4
  sequence_num = 1
  row_sequence = 2
  timestamp    = 03:06:30 UTC
  gas_sensor   = 1282
  temperature  = 22.6000
  humidity     = 33.5000
  pack_voltage = 3.5000
  payload      = [96 uint16 values]
    row 0: [16577, 16961, 17515, 47367, 17477, 16445, 18271, 16307, 18449, 17628, 18533, 17864, 18161, 17829, 18570, 16626, 18565, 15796, 18050, 15092, 18383, 48455, 17701, 50199, 17696, 50800, 15938, 52385, 49785, 52745, 50938, 53722]
    row 1: [52104, 51241, 50755, 50271, 49323, 50235, 49295, 49426, 49305, 49247, 14930, 50449, 16356, 49302, 49393, 50121, 16284, 50963, 14854, 50722, 13945, 51510, 49928, 51591, 49704, 52377, 51397, 52563, 51989, 53072, 52744, 54286]
    row 2: [17760, 14698, 18001, 15406, 18322, 16900, 18454, 16886, 18434, 17413, 18568, 17147, 18503, 16989, 18543, 16497, 18704, 16387, 18268, 16110, 18471, 46051, 17925, 49402, 17582, 51383, 15880, 52172, 47687, 52505, 49443, 53]
)

SensorMessage(
  module_id    = 4
  sequence_num = 1
  row_sequence = 3
  timestamp    = 03:06:30 UTC
  gas_sensor   = 1288
  temperature  = 22.6000
  humidity     = 33.5000
  pack_voltage = 3.5000
  payload      = [96 uint16 values]
    row 0: [52104, 51241, 50755, 50271, 49323, 50235, 49295, 49426, 49305, 49247, 14930, 50449, 16356, 49302, 49393, 50121, 16284, 50963, 14854, 50722, 13945, 51510, 49928, 51591, 49704, 52377, 51397, 52563, 51989, 53072, 52744, 54286]
    row 1: [17760, 14698, 18001, 15406, 18322, 16900, 18454, 16886, 18434, 17413, 18568, 17147, 18503, 16989, 18543, 16497, 18704, 16387, 18268, 16110, 18471, 46051, 17925, 49402, 17582, 51383, 15880, 52172, 47687, 52505, 49443, 53557]
    row 2: [51598, 51099, 50789, 49630, 48279, 49859, 50716, 49168, 48797, 49521, 50277, 50282, 46450, 49536, 49095, 49206, 16520, 49580, 49100, 50818, 15168, 50452, 49358, 51409, 50262, 52156, 51309, 52569, 51665, 53183, 52724, 167]
)

SensorMessage(
  module_id    = 4
  sequence_num = 1
  row_sequence = 4
  timestamp    = 03:06:30 UTC
  gas_sensor   = 1284
  temperature  = 22.6000
  humidity     = 33.4000
  pack_voltage = 3.5000
  payload      = [96 uint16 values]
    row 0: [17760, 14698, 18001, 15406, 18322, 16900, 18454, 16886, 18434, 17413, 18568, 17147, 18503, 16989, 18543, 16497, 18704, 16387, 18268, 16110, 18471, 46051, 17925, 49402, 17582, 51383, 15880, 52172, 47687, 52505, 49443, 53557]
    row 1: [51598, 51099, 50789, 49630, 48279, 49859, 50716, 49168, 48797, 49521, 50277, 50282, 46450, 49536, 49095, 49206, 16520, 49580, 49100, 50818, 15168, 50452, 49358, 51409, 50262, 52156, 51309, 52569, 51665, 53183, 52724, 54183]
    row 2: [15050, 13554, 18062, 16071, 17634, 17939, 18248, 17198, 18426, 17260, 18543, 17348, 18154, 17535, 18425, 16735, 18634, 16754, 18436, 49557, 18052, 14856, 18128, 50578, 17904, 49648, 13057, 51805, 48770, 52266, 50201, 121]
)

SensorMessage(
  module_id    = 4
  sequence_num = 1
  row_sequence = 5
  timestamp    = 03:06:30 UTC
  gas_sensor   = 1288
  temperature  = 22.6000
  humidity     = 33.4000
  pack_voltage = 3.5000
  payload      = [96 uint16 values]
    row 0: [51598, 51099, 50789, 49630, 48279, 49859, 50716, 49168, 48797, 49521, 50277, 50282, 46450, 49536, 49095, 49206, 16520, 49580, 49100, 50818, 15168, 50452, 49358, 51409, 50262, 52156, 51309, 52569, 51665, 53183, 52724, 54183]
    row 1: [15050, 13554, 18062, 16071, 17634, 17939, 18248, 17198, 18426, 17260, 18543, 17348, 18154, 17535, 18425, 16735, 18634, 16754, 18436, 49557, 18052, 14856, 18128, 50578, 17904, 49648, 13057, 51805, 48770, 52266, 50201, 53369]
    row 2: [51602, 51371, 50948, 51373, 51238, 50441, 50981, 50505, 49565, 50028, 47985, 50360, 45258, 50589, 15456, 50485, 14582, 51022, 49592, 51107, 48520, 51294, 50057, 51510, 50090, 52226, 51934, 52263, 51886, 52873, 52577, 36]
)

SensorMessage(
  module_id    = 4
  sequence_num = 1
  row_sequence = 6
  timestamp    = 03:06:30 UTC
  gas_sensor   = 1285
  temperature  = 22.6000
  humidity     = 33.3000
  pack_voltage = 3.5000
  payload      = [96 uint16 values]
    row 0: [15050, 13554, 18062, 16071, 17634, 17939, 18248, 17198, 18426, 17260, 18543, 17348, 18154, 17535, 18425, 16735, 18634, 16754, 18436, 49557, 18052, 14856, 18128, 50578, 17904, 49648, 13057, 51805, 48770, 52266, 50201, 53369]
    row 1: [51602, 51371, 50948, 51373, 51238, 50441, 50981, 50505, 49565, 50028, 47985, 50360, 45258, 50589, 15456, 50485, 14582, 51022, 49592, 51107, 48520, 51294, 50057, 51510, 50090, 52226, 51934, 52263, 51886, 52873, 52577, 54052]
    row 2: [15770, 16320, 17432, 16931, 17736, 17329, 17768, 17343, 18120, 17420, 18193, 17178, 18313, 17432, 18335, 16874, 18437, 14483, 18251, 15586, 18083, 48685, 17816, 50491, 18228, 50714, 15084, 51739, 7697, 51985, 50243, 38]
)

SensorMessage(
  module_id    = 4
  sequence_num = 1
  row_sequence = 7
  timestamp    = 03:06:30 UTC
  gas_sensor   = 1279
  temperature  = 22.6000
  humidity     = 33.4000
  pack_voltage = 3.5000
  payload      = [96 uint16 values]
    row 0: [51602, 51371, 50948, 51373, 51238, 50441, 50981, 50505, 49565, 50028, 47985, 50360, 45258, 50589, 15456, 50485, 14582, 51022, 49592, 51107, 48520, 51294, 50057, 51510, 50090, 52226, 51934, 52263, 51886, 52873, 52577, 54052]
    row 1: [15770, 16320, 17432, 16931, 17736, 17329, 17768, 17343, 18120, 17420, 18193, 17178, 18313, 17432, 18335, 16874, 18437, 14483, 18251, 15586, 18083, 48685, 17816, 50491, 18228, 50714, 15084, 51739, 7697, 51985, 50243, 53286]
    row 2: [52198, 51537, 50884, 50682, 51282, 50725, 50247, 51137, 50406, 50281, 50729, 50717, 50131, 50866, 50346, 50580, 15345, 51280, 50306, 51082, 50319, 51463, 50867, 51732, 50294, 52213, 51336, 52349, 51251, 52874, 52604, 51]
)

SensorMessage(
  module_id    = 4
  sequence_num = 1
  row_sequence = 3
  timestamp    = 03:06:30 UTC
  gas_sensor   = 1278
  temperature  = 22.6000
  humidity     = 33.0000
  pack_voltage = 3.5000
  payload      = [96 uint16 values]
    row 0: [52200, 51204, 50841, 50286, 49322, 50172, 49442, 49599, 49574, 48574, 8303, 50604, 15859, 49329, 49519, 50363, 15797, 50979, 13349, 50807, 44389, 51411, 50187, 51638, 49838, 52342, 51395, 52639, 52070, 53081, 52740, 54290]
    row 1: [17751, 13698, 17844, 14051, 18382, 16894, 18341, 16879, 18491, 16913, 18505, 16891, 18500, 16749, 18482, 16363, 5705, 21823, 63047, 24124, 54600, 49335, 63813, 8896, 55109, 31944, 40763, 1227, 5812, 9421, 16835, 47569]
    row 2: [42697, 24262, 39111, 38082, 57276, 6082, 10694, 38334, 33983, 42176, 48068, 14020, 41141, 23488, 19904, 961, 21057, 49856, 37310, 27846, 40761, 53444, 56001, 38088, 60868, 36811, 24776, 62925, 51145, 2255, 55502, 211]
)

SensorMessage(
  module_id    = 4
  sequence_num = 1
  row_sequence = 4
  timestamp    = 03:06:30 UTC
  gas_sensor   = 1283
  temperature  = 22.6000
  humidity     = 33.0000
  pack_voltage = 3.5000
  payload      = [96 uint16 values]
    row 0: [17751, 13698, 17844, 14051, 18382, 16894, 18341, 16879, 18491, 16913, 18505, 16891, 18500, 16749, 18482, 16363, 5705, 21823, 63047, 24124, 54600, 49335, 63813, 8896, 55109, 31944, 40763, 1227, 5812, 9421, 16835, 47569]
    row 1: [42697, 24262, 39111, 38082, 57276, 6082, 10694, 38334, 33983, 42176, 48068, 14020, 41141, 23488, 19904, 961, 21057, 49856, 37310, 27846, 40761, 53444, 56001, 38088, 60868, 36811, 24776, 62925, 51145, 2255, 55502, 28115]
    row 2: [52282, 45620, 47429, 24126, 36165, 63813, 43079, 47169, 61255, 5698, 21576, 21058, 32327, 62020, 62279, 36927, 64584, 22080, 3143, 17346, 10822, 36152, 36166, 44229, 28997, 35266, 42809, 38090, 10173, 10188, 33988, 208]
)

SensorMessage(
  module_id    = 4
  sequence_num = 1
  row_sequence = 5
  timestamp    = 03:06:30 UTC
  gas_sensor   = 1283
  temperature  = 22.6000
  humidity     = 33.0000
  pack_voltage = 3.5000
  payload      = [96 uint16 values]
    row 0: [51641, 50854, 51038, 49816, 48276, 49887, 50711, 48681, 49045, 49284, 50340, 50363, 46390, 49312, 49243, 49485, 16643, 49234, 48834, 50833, 14700, 50335, 49616, 51418, 50324, 52205, 51343, 52576, 51701, 53191, 52744, 54232]
    row 1: [14957, 13516, 17842, 16057, 17758, 17805, 18425, 16808, 18360, 17135, 18454, 16980, 18258, 17534, 18418, 16371, 18576, 16636, 18262, 49676, 17987, 14378, 18061, 50573, 17836, 49777, 14729, 51879, 48532, 52263, 50215, 53380]
    row 2: [51643, 51338, 51104, 51462, 51346, 50528, 51186, 50589, 49814, 49926, 47973, 50440, 47307, 50604, 15075, 50628, 13947, 51038, 49583, 51058, 48745, 51203, 49916, 51589, 49946, 52202, 51964, 52289, 51920, 52880, 52550, 44]
)

